100
88 5 13 22 9 78 45 42 71 54 60 55 73 57 67 42 72 71 57 19 53 51 9 54 37 19 26 19 40 28 89 85 97 93 65 27 14 13 50 80 94 9 34 93 78 48 6 9 13 28 4 19 32 32 36 20 62 81 11 90 43 82 34 69 67 54 5 33 11 95 16 40 51 84 35 20 86 63 81 83 81 61 25 36 69 24 81 52 28 84 35 53 63 99 54 34 86 73 9 69
46 87 65 74 49 8 11 57 92 56 17 16 89 47 64 27 4 98 51 49 90 32 80 34 57 20 8 37 15 71 65 8 64 58 76 26 78 93 71 44 11 16 51 97 22 97 72 9 88 10 90 91 97 60 97 18 69 63 75 91 69 91 44 16 49 50 65 33 80 100 63 31 7 100 21 12 37 1 90 10 83 86 18 36 25 15 38 98
27 47 74 76 1
63 14 71 40 74 48 2 16 70 52 38 74 71
40 50 95 34 62 51 85 2 68 64 74 21 6 93 99 20 43 86 84 76 78 27
59 45 50 42 40 10 52 7 18
96 43 26 45 47 22 63 57 38 44 19 54 35 30 44 19 13 87 47 60 48 63 84 92 3 22 97 33 100 4 13 12 92 25 23 63 38 82 15 19 74 85 56 13 13 59 46 67 29 30 65 38 40 22 47 68 8 57 21 32 39 57 64 34 65 13 43 30 58 28 14 35 17 71 71 56 94 13
81 35 16 82 48 39 60 100 5 47 85 5 33 14 87 62 14 33 37 83 92 44 69 80 13 27 49 34 2 2 55 79 34 83 58 28 34 10 26 15 21 94 36 11 66
53 48 52 9 89 98 24 37 10 46 11 94 3 65 78 44 2 98 82 11 54 94 25 45 92 69 21 52 16 33 89 85 11 38 45 69 33 12 8 87 82 30
39 88 54 25 21 3 36 15 62 58 40 56 68 38 31 92 30 89 86 93 94 51 90 20 49 48 41 88 56 47 3 59 55 70 42 10 61 5 39 45 100 9 31 96 65 74 53 46 27 9 13 25 1 75 24 84 75 84 71 41 100 38 2 25 52 93 31 2 13 27 13
24 44 19 31 19 68 71 48 50 74 82 16 93 21 33 80 65 97 32 19 77 75 76 73 43 61 66 24 30 80 8 82 77 79 57 93 96 35 90 27 67 38 90 7 26 42 72 41 56 100 4 52 26 92
51 25 62 97 66 55 26 90 53 80 78 52 89 44 31 53 41 7 12 49 59 25 60 17 48 14 76 17 67 21 54 9 70 52 59 68 39 70 41 37 90 86 78 70 92 81 31 27 84 69 76 46 80 94 63 2 35 6 25 84
37 43 68 82 53 36 73 64 72 30 4 10 53 50 74 14 27 90 50 4 86 22 93 23 78 80 43 9 48 56 97 90 87 49 26 59 78 83 20 77 59 71 20 64 37 45 11 72 3 63 5 34 71 9 87
67 78 4 85 34 98 28 14 48 13 43 27 39 52 36 91 95 62 61 34 10 33 17 92 75 46 3 91 38 99 34 63 24 80 51 91 8 17 55 40 99 1 54 82 56 98 54 73 63 67 97 72 7 46 60 64 69 54 86 51 36 21 83 29 65 64 88 37 53 64 45 6 19
40 88 61 32 39 66 38 6 4 12 11 9 93 87 28 71 58 84 17 46 3 55 9 55 79 42 84 84 25 8 68 38 68 53 37 96 92 30 57 33 23 81 62 5 94 36 78 80 94 39 38 60 35 25 71 49 83
92 69 10 97 6 53 27 86 30 64 47 24 54 28 71 46 28 78 57 98 58 19 30 97 86 82 21 24 2 68 86 12 8 40 82 25 64 26 81 65 90 33 60 44 99 61 31 52 22 95 42 58 45 84 1 83 57 30 75 86 24 36 36 13 54 17 74
74 57 65 12 58 46 32 26 35 74 51 93 2 23 28 97 57 75 2 85 23 20 30 64 71 26 42 58 62 42 65 51 65 4 97 21 40 19 10 56 67 12
94 91 13 91 85 35 67 25 4 14 28 94 54 41 98 40 67 4 11 59 60 66 100 35 21 91 69 65 26 36 97 43 78 76 100 71 92 28 47 58 51 9 2 90 38 82 79 76 41 38 95 44 42 32 87 36 52 78 78 66 41 53 35 93 11 67 23 84 96 30 73 57
47 45 7 88 56 98 77 49 47 23 69 28 23 14 71 72 46 14 98 13 5 68 91 85 94 3 47 49 96 68 49 81 17 52 89 15 71 68 72 95 92 81 74 92 98 36 98 84 90 12 41 93 43 54 57 83 9 12 74 85 3 96 83 25 99 14 57 16 9 8 2
19 98 34 29 95 34 51 64 17 61 87 36 73 36 29 32 20 6 14 40 57 51 39 42 3 82 80 91 24 28 95 34 25 37 95 78 17 3 57 42 58 66 64 11 28 38 44 17 71 84 9 40 1 76 73 45 11
83 59 25 5 96 16 11 98 34 22 92 9 51 83 34 13 7 2 23
95 56 36 9 32 37 83 67 52 1 48 2 87 85 24 4 76 51 42 6 91 59 54 54 39 56 38 66 35 71 63 14 34 78 77 4 36 85 90 50 62 6 23 5 22 49 85 54 84 56 54 67 69
78 30 21 48 37 78 3 79 34 31 12 85 1 100 51 9 73 55 59 84 36 57 92 76 55 37 84 22 96 53 17 49 53 22 18 32 4 12 35 30 26 12 24 66 100 25 15 4 24 76 13
57 69 94 63 31 100 89 77 32
65 64 45 10 20 92 71 65 84 87 34 77 73 38 33 63 39 91 13 89 53 55 100 55 83 57 70 99 35 53 43 34 77 43 90 87 49 89 14 53 83 84 63 5 10 95 100 87 35 90 64 28 20 75
92 73 49 14 62 36 41 69 55 45 15 96 84 68 34 40 37 34 72 25 27 82 54 63 26 89 21 57 35 57 85 95 26 26 90 67 58
33 25 9 2 90 17 40 1 78 59 70 74 65 85 76 13 82 55 50
64 21 48 46 26 69 64 76 11 100 64 87 30 76 44 33 64 22 59 83 83 2 23 57 96 43
86 35 22 56 71 19 35 16 17 62 29 34 43 56 27 32 55 45 18
91 27 73 34 67 55 77 4 94 64 52 48 88 59 88 61 19 73 7 63 94 31 8 78 42 35 47 48 59 42 19 68 3 3 47 43 64 92 2 11
87 15 26 32 32 18 83 3 60 17 32 84 60 27 19 73 49 36 25 14 13 13 39 31 21 39 48 14
73 34 37 71 2 7 49 68 4 22 45 76 19 76 31 40 13 58 77 64 47 99 63 96 72 68 50 66 51 6 62 87 17 54 43 6 86 82 68 91 100 68 32 38 73 78 51 88 18 64 78 77 57 72 71 61 22 54 36 31 100 8 89 82 3 43 45 56 29 51 27 30 31 44 89 34 52 33 4 85 22 88 50 69 62 7 21 39 37
47 72 12 74 50 44 41 61 57 28 47 90 61 79 57 38 42 16 70 29 78 94 61 46 60 63 4 53 23 100 30 63 58 64 38 59 58 97 17 45 98 66 7 58 54 92 58 26 64 46 11 31 46 73 10 81 22 77 93 40 6 46 37 49 40 80 42 95 89 71 42 96 13 8 57 36 68 73 31 6 20 51 7 77 87
77 23 50 100 85 75 13 30 40 16 25 84 16 63 58 11 70 42 99 46 27 39 20 18 33 68 75 94 90 55 86 76 37 3 99 25 88 73 99 60 21 58 26 41 69 44 75 95 22 77 48 51 29 53 89 93 73 69 10 75 10 7 72 27 90 56 80 65 66 95 73 8 45 59 87 98 53 93 9 87 76 64 20 80 39 91 32 29 10 77 8 63 34 13 71 73 23
90 52 71 42 29 59 24 60 32 55 46 89 88 1 12 82 6 23 27 23 18 54 32 71 62 24 25 8 89 38 86 64 8 27 88 3 62 21 11 97 56 50 28 26 95 91 91 53 85 31 43 75 100 77 32 87 26 55 84 85 52 79 14 40 78 25 30 20 8 15 89 12 37 29 19 95 96 5 50 59 98 13 38 72 56 29 60 66 65 95 33 29 42
47 84 82 87 6 92 40 1 75 32 92 42 79 66 8 74 85 13 11 54 48 18 50 12 79 60 18 18 40 33 78 9 32 33 25 42 26 61 42 79 71 57 85 35 86 65 22 6 100 43 45 13 47 1 25 20 61 31 87 72 32 91 91 98 66
86 21 84 95 48 53 56 36 42 7 2 37 32 6 98 91 50 38 15 4 66 26 41 10 79 38 46
32 94 32 59 91 77 98 88 61 88 5 33 86 91
23 76 41 10 60 71 72 26 63 42 51 94 40
90 27 2 2 27 9 1 93 5 25 69 40 97 34 87 49 54 69 13 35 87 49 75 13 25 31 24 47 33 33 45 16 22 43 20 80 26 32 74 47 48 67 70 12 98 51 14 61 30 7
49 30 64 54 5 96 70 50 67 67 83 48 49 43 52 58 63 85 72 89 82 52 6 68 33 34 86 39 24 42 41 63 54 40 73 41 58 21 57 11 10 81 62 41 91 80 34 47 23 13 98 40 44 19 82 69 100 19 82 67 91 56 76 72 68 89 39 48 2 27 23 14 83 6 65 98 94 62 82 75
64 8 94 16 95 61 43 19 2 93 93 16 52 2 100 46 43 39 31 40 93 41 25 98 48 90 19 28 12 28 66 50 7 9 93 6 34 65 37 50 91 92 20 79 53 53 17 15 66 8 33 44 63 34 25 55 28 54 25 78 90 81 51 13 61 75 72 84 18 86 99 9 44 41 90 82 96 7 30 74 85 54 48 57 49 91 40 43 46 50 9 76 99 4
4 92 22 40 7 97 31 49 47
19 19 93 89 79 37 31 63 22 69 86 28 37 33 64 82 14 100 36 31 50 1 12 41 32 19 6 39 26 37 30 19 59 41
60 89 76 23 88 16 94 89 41 56 7 66 14 90 85 7 41 23 98 73 39 53 32 41 48 86 33 49 80 41 75 49 23 11 23 76 77 35 81 68 51 49 80 55 9 48 90 3 80 18 40 37 80 74 18 51 66 52 85 29 39 98 61 36 9 35 50 38 96 26 10 81 64 72 63 98 93 11 85 1 26 65 13 74 56 89 49 39 11 98 30 65 47
92 20 84 37 29 44 2 55 41 45 77 41 28 69 50 12 7 51 90 83 25 26 37 16 10 88 20 56 55 60 22 18 50 70 34 28 15 100 63 80 79 57 12 5 91 42 81 20 83 40 17 1 95 74 28 81 40 75 99 7 48 47 16 87 2 39 31 96 83 34 78 9 1 63 84 33 45 73
8 31 20 82 68 56 18 78 47 97 91 21 36 45 99 35 43 63 98 38 6 49 89 42 14 24 45 7 95 4 52 74 3 47 1 92 93 97 46 53 26 23 94 90 8 77 63 33
85 9 65 88 47 17
51 80 28 45 68 50 61 67 69
19 82 47 76 71 60 9 20 79 61 28 89 77
70 60 82 9 68 42 66 37 23 28 79 59 99 70 53 71 38 33 75 9 17 93 63 21 47 3 29 60
70 34 27 36
77 10 45 45 8 60 25 56 29 57 59 40 50 59 73 90 97 3 25
3 89 80 29 71 18 11 24 29 29 97 74 28 36 44 16 64 95 62 97 14 65 14 21 75 98 88 97 29 40 50 28
97 19 27 89 63 91 58 61 42 22 22 2 3 26 61 89 18 10 49 69 60 17 74 46 96 57 47 13 54 22 47 47
72 36 37 75 18 78 20 49 75 16 73 50 78 22 91 75 64 25 95 65 31 46 75 20 14 85 44 52 54 40 87 66 47 90 66 62
61 49 43 6 39 100 57 63 93 31 46 32 4 11 44 79 23 60 61 54
81 67 33 76 45 62 50 83 58 67 79 15 77 66 72 32 24 40 18 66 53 65 13 12 33 82 85 25 22 52 62 72 51 58 83 86 44 69 27 41 48 67 14 76 54 78 41 37 82 83 88 54 85 3 62 64 28 90 22 32 45 63
17 30 21 32 49 37 82 13 44 94 54 68 76 4 71 60 64 34 68 53 90 12 73 19 23 69 37 74 11 15 37 74 42 96 46 63 68 31 93 92 21 65 66 96 47 3 62 71 57 67 55 58 4 69 31 41 95 63 94 58 56 30 83 23 31 30 56 15 75 20 40 72 78 66 22 65 96 95 90 18 12
88 96 57 12 32 33 29 86 42 8 15
73 79 57 73 9 41 96 4 71 77 82 7 77 71 79 69 68 11 54 6 89 45 49 12 15 38 10 71 22 16 58 39 62 70 63 4 1 25 52 19 76 68 39 11 19 51 37 52 29 27 47 60 37 58 38 96 55 35 51 43 29 55 66 73 91 66 91 23 25 5 10 95 29 98 2 69 50 52 91 73 47 68 45 85 90 32 64 84 41 35
60 53 8 26 95 55 97 63 67 48 18 46 73 89 89 61 47 65 31 30 99 39 93 49 23 10 100 25 50 17 9 70 14 75 11 46 86 51 19 95 98 51 87
2 45 5 53 10 79 45 40 1 71 64 73 13 24 13 84 90 29 80 32 83 55 77 97 26 72 87 50 99 64 80 31 48 47 84 62 68 34 6 54 61 8 12 56 60 24 88 22 96 53 27 47 65 74 70 97 53 98 50 55 67 72 6 4 12 86 15 30 41 66 77 75 40 80 3 62 98 62 6 40 23 3
92 96 61 93 44 22 11 96 57 97 64 15 80 82 32 35 91 43 27 78 96 48 70 38 9 79 88 94 42 85 16 98 91 17
78 88 19 9 28 43 92 79 42 35 2 86 57 31 51 96 19 23 87 50 37 14 12 23 57 81 90 54 19 99 92 33 19 53 67 61 56 18 28 66 8 92 8 87 2 97 74 23 29 10 6 84 27 39 79 68 73 99 58 48 10 90 83 69 72 21 3 76 58
9 68 12 24 55 86 100 31 89 92 61 43 20 83 50 9 34 31 79 30 30 26 32 5 55 3 41 29 56 26 67 42 7 5 40 49 51 83 82 56 20 77 82 24 40 74 26 38 61 72 89 89 81 4 68 31 82 64 36 96 76 82 53 84 21 3 44
49 28 81 43 60 52 26 14 27 34 46 50 28 36 71 94 56 59 40 16 74 42 64 21 40 83 10 54 53 75 31 63 2 80 57 65 96 7 81 27 94 42 70 24 88 33 80 32 42 5 22 15 53 69
60 22 17 57 89
39 33 63 51 5 20 96 1 7 17 89 2 53 72 100 4 96 75 22 59 11 36 41 66 74 38 34 49 83 69 22 58 7
95 54 48 76 62 17 79 25 91 32 98
36 14 2 2 43 2 4 3 80 4 37 26 49 71 50 25 34 83 75 4 92 63 96 85 74 10 86 4 97 36 75 39 92 19 63 77 26 58 15 79 82 10 85 58 72 63 77 22 31 74 31 46 63 10 22 99 18 57 58 15 5 43 66 57 52 12 22 95 64 53 37 100 33 3 67 14 97 8 67 78 75 94 79 42 20 9 71 20 82 29 99 28 30 64 35
78 33 14 38 91 6 51 97 89 66 47 48 27 49 25 31
98 17 65 34 84 16 65 36 63 32 26 56 39 17 11 54 52 59 70 64 65 93 46 31 43 36 99 94 15 40 42 46 47 86 23 13 1 69 72 92
6 97 30 11 88 24 48 7 50 4 24 35 67 86 68 36 32 21 92 3 64 50 25 92 14 56 17 45 93 10 32 60 100 68 83 70 45 11 75 56 87 29 9 20 54 23 1 72 7 19 34
22 54 46 29 87 40 67 10 35 63 98 67 91 83 78 69 2 86 78 76 70 82 95 4 38 60 38 33 38 10 74 31 6 8 20 24 55 88 18 39 69 90 16 48 65 36 77 5 41 34 64 12 38 21 20 27 51 73 71 97 82 91 15 11 86 37 9 84 57 45 11 93 48 42 65 87 58 53 70 55 58 44 73 68
67 88 4 63 55 63 25 29 57 59 14 64 16 93 98 15 89 45 100 15 21 3 70 51 61 53 34 59 70 34 22 31 48 79 5
21 47 70 16 4 20 10 94 85 74 66 96 1 41 42 55 78 65 93 60
75 87 4 82 43 80 78 74 86 14 70 11 17 1 67 88 73 100 64 45 57 96 26 37 95 4 15 13 38 27 74 89 18 3 41 72 30 59 60 98 10 26 30 34 58 72 17 84 5 61 70 17 69 10 65 89 88 42 3 42 26 2 37 66 71 4 91 95 64 42 43 90 52 35 5 42 78 34 53 71 61 8 16 91 41 5
4 32 81 80 71 91 39 24 44 50 78 39 74 28 75 3 39 46 50 25 77 84 49 43 32 95 23 41 27 58 7 94 75 88 24 32 45 84 84 10 40 75 42 20 9 29 83 51 80 79 94 62 39 51 97 77 22 28 80 73 22 45 72
61 30 77 98 31 13 68 37 15 75 71 18 12 74 85 11 90 36 78 76 59 3 9 42 46 87 84 59 79 98 55 94 46 1 27 99 12 94 71 90 9 50 54 23 64 73 48 31 42 7 31 37 78 63 7 49 90 14 28 51 79 97 65 42 6 37 32 45 81 68 96 51 88 81 58 85 75 42 45 59 84
7 49 48 71 54 48 89 50 97 23 79 40 13 15 84 56 7 1 37 56 14 95 9 28 67 38 100 50 87 34 46 15 65 26 70 15 91 4 6 19 3 44 54 82 38 10 51 49 75 85 9 1 28 78 92 96 57 29 77 41 72 44 70 22 30 14 14 32 99 3 24 25 63 64 100 9 15 51 87 3 51 6 52
77 26 96 53 68 11 67 6 35 65 83 15 70 76 99 38 85 14 79 83 76 49 69 6 19 10 79 61 59 25 98 68 53 93 93 90 28 81 52 87 96 42 27 14 70 70 34 13 14 4 43 45 53 1 52 99 86 9 79 52 12 12 13 5 83 14 96 98 24 68 71 9 36 62 47 42 94 42 35 86 17
38 73 52 63 26 55 98 92 68 6 14 97 51 53 88 17 11 67 5 44 37 88 89 49 99 55 8 51 5 14 73 5 96 32 57 13 71 79 10 70 50 82 38 91 18 66 87 89 6 66 20 93 36 100 85 4 29 22 83 5 71
81 72 17 96 9 47 41 25 44 13 32 17 51 57 57 41 1 63 31 58 29 69 79 29 30
63 31 37 19 64 62 60 7 44 95 71 61 81 61 94 35 37 94 88 15 4 94 56 50 38 43 49 100 68 76 42 92 86 21 46 65
7 50 35 75 3 93 25 76 58 87 74 68 44 88 41 43 82 31 53 87 8 95 93 52 76 82 46 95 6 77 14 39 65 49 91 80 13 24 74 87 33 95 17 27 32 71 85 93 56 24 80 95 43 18 3 100 47 90 16 92 1 74 96 65 51 18 43 74 25
78 49 60 73 31 76 56 41 18 79 15 43 41 87 96 96 92 82 64 42 32 43 73 72
84 52 34 54 75 55 86 97 27 53 38 10 70 97 90 83 53 58 86 3 38 77 63 59 33 94 99 42 57 58 80 10 43 33 87 32 15 14 64 92 40 7 16 16 70 47 32 46 12 49 2 68 42 83 72 82 58 49 4 4 97 55 73 34 31 78 38 30 70 86 8 16 94 36 7 33 63 77 9 51 59
41 13 17 11 69 41 62 62 17 75 8 85 69 79 96 89 53 14 45 59 87 80 94 15 40 46 62 44 24 65 100 6 82 15 39 81 45 4 79 74 37 36 3 53 34 83 23 7 37 52 86 25
38 96 75 82 63 29 97 50 52 77 4 90 66 79 83 78 48 16 93 68 27 88 41 36 29 20 96 35
59 45 5 94 96 83 28 55 43 60 3 9 16 26 67 6 19 65 47 57 23 44 89 48 43 65 66 17 11 42 34 78 6 82 15 23 36 2 66 53 6 38 6 43 16 5 90 83 49 94 9 94 68 28 15 15 10 81 38 82 46 4 4 72 56 15 50 66 80 78 56 78 38 39 71 67 86 77 63 50 81 77 26 91
44 65 79 28 9 100 2 87 82 67 84 83 66 100 82 50 22 87 88 84 44 68 33 20 61 40 92 67 66 79 53 94 23 84 11
97 31 99 89 82 50 13 98 21 47 3 94 88 2 61 81 7 95 75 53 88 23 5 80 89 73 78 44 62 79 73 88 13 60 29 66 9 89 48 38 19 50 100 75 3 12 13 72 77 27 81 2 4
90 65 79 20 54 58 98 89 3 39 62 14 38 15 4 42 97 88 40 94 30 93 60 46 39 97 41 53 62 23 16 75 90 96 51 48 39 61 83 21 58 38 11 95 69 99 33 58 80 90 70 79 96 78 6 33 73 82 67 69 69 67 16
43 29 94 78 6 32 6 41 73 88 44 51 54 83 90 57 45 64 62 76 67 21 13 46 53 80 77 30 56 34 25 17 22 73 78 15 28 83 44 96 82 13 14 56 85 30 63 79 34 10 22 45 35 43 87 10 45 76 69 87 95 32 51 78 32 64 16 6 32 78 98 86 80 61 14 42 35 28 100 71 57 9 62 81 5 32 82 11 19 18 40 100 74 64 55 81 100 56 49
44 66 87 81 100 76 97 51 64 44 4 100 66 11 13 36 63 53 35 22 54 9 95 31 5 97 99 77 45 17 66 59 45 69 75 39 60 46 14 69 43 47 91 38 36 92 37 36 37 66 18 56 16 78
70 87 50 63 56 63 55 27 29 65 3 96 80 26 16 37 23 4 45 9 95 71 52 26 78 5 9 31 83 84 88 9 73 8
79 29 57 78 95 40 82 95 8 92 63 75 61 89 9 55 41 76 75 42 25 57 55 8 37 96 88 81 92 66 30 17 96 50 93 91 77 34 70 33 35 29 96 83 100 9 57 34 4 78 37 59 66 97 58 54 70 35 84 32 61 39 54 42 35 66 59 63 67 55 26 20 69 52 9 92 73 23 56 65 39 74 24 14 54 19
45 16 46 2 83 43 62 20 83 77 21 50 44 49 84 77 82 16 81 73 45 19 22 50 87 81 19 17 49 11 77 27 26 77 4 20 29 50 95 86 43 16 68 78 74 40 17 13 73 71 69 100 50 12 13 29 80 40 13 62 20 39 67 29 63 49 14 35 2 30 58 22 87
21 41 100 68 49 93 69 22 71
46 69 83 83 37 72 72 13 66 84 72 67 99 67 6 93 42 98 96 13 78 18 1 16 36 71 95 82 15 65 4 59 76 40 47 31 36 2 10 82 47 36 81 69 75 60 72 58 83 37 62 99 23 91 98 15 99 20 2 74 82 1 38 7 55 32 6 93 20
51 -85 -96 64 87 -86 84 -82 -22 9 -5 -89 93 58 -17 -80 61 49 62 -96 14 35 84 -31 14 86 17 -58 -43 -87 -80 -90 -72 10 27 65 -37 -88 49 7 -22 81 88 -15 90 -46 -66 -44 49 33 -48 31 5 94 4 29 68 -74 -43 59 -75 -95 17 26 72 92 -56 -64 21 7 -60 18 -45 25 44 27 54 7 35 -54 -79 -78 -13 -17 -39 -98 -20 45 -16 17 90 -37 -88 67 -52 -17 -16 11 -51 -94
-58 33 -93 -81 39 76 100 42 -33 100 99 -54 -47 3 -53 41 -28 94 -99 22 -2 -11 -85 99 -88 62 -39 33 74 27 64 25 -9 2 -26 -97 23 12 -72 -86 31 -77 84 76 -8 46 -69 -99 -85 -48 -18 -44 73 11 5 38 -58 -18 6 61 -50 13 -33 69 47 46 82 92 51 77 -17 -16 61 -76 86 50 8 92 96 73 80 -5 45 -70 69 86 -75 -63 -86 -19 -15 13 -18 93 -35 45 -87 -19 50
4 -84 34 -11 48 -98 97 -81 94 -12 -63 -88 -65 -76 -86 -57 -96 -66 51 98 -57 88 -28 -67 97 -72 17 -70 38 80 44 -80 24 -22 72 -48 100 -74 -96 6 28 -54 4 39 41 83 74 -63 -33 44 35 -16 -12 -40 -35 40 5 80 -76 75 -57 -77 85 46 95 -4 -93 76 -31 90 -100 -13 -3 97 -89 87 52 1 48 -4 25 26 26 4 -64 -43 86 -86 -94 55 -65 51 23 -45 36 55 -46 26
-19 -80 -88 14 45 -30 64 -41 -97 -58 -4 1 -92 -57 70 -3 -49 -4 -28 -15 -21 -51 48 -42 36 30 91 -20 -72 -38 -46 -82 26 85 -48 -67 -27 -64 32 -49 -3 14 -36 -17 -8 -39 -13 -77 -81 100 -59 37 -37 35 -10 -52 -65 -21 -54 -86 -47 45 -28 63 55 -43 10 50 49 -66 -56 -84 3 88 -77 -65 95 91 34 0 -57 -11 -11 -77 -63 3 60 -14 72 59 -57 -73 -46 -92 28 -86 -45
-7 46 96 -23 13 56 -72 -52 73 -43 -87 -84 -70 -56 18 -61 56 23 16 70 -15 -4 -47 95 73 71 62 35 -20 23 0 -1 -89 -17 -69 9 39 -32 -22 -28 18 -10 -44 14 81 75 -42 94 39 1 -50 -76 95 71 78 -40 -100 15 -87 16 -87 49 30 78 -61 -42 91 -61 54 -73 93 -14 -51 41 35 -75 -64 -59 94 -64 94 8 -65 19 5 95 -33 -28 83 56 83 89 74 -74 94 -100
61 -33 52 13 -4 53 -2 -34 98 20 30 -72 82 82 -86 61 -48 -38 23 -44 7 4 46 0 40 88 -4 -41 65 -53 95 -89 -55 9 49 75 -25 -42 8 -36 -53 -72 56 47 29 17 -83 5 -62 -19 23 7 3 19 -16 78 -41 31 -65 -17 -20 -46 45 18 -32 -30 -25 -67 -27 35 -80 48 30 64 -86 -35 -87 -28 -54 47 -60 97 84 -73 -8 12 -93 -68 -63 -21 16 20 54 -50 65
16 -75 72 3 40 67 -26 69 -56 10 -7 -85 -80 -70 -1 98 7 -23 60 74 -41 67 -12 -38 -19 -39 -96 40 69 -26 10 -76 61 75 91 13 -17 98 27 -40 -12 85 -77 96 -81 -18 0 52 -19 21 95 -13 33 98 -50 -41 -74 12 43 -38 37 -27 98 22 95 53 25 15 23 -21 -39 -42 -89 91 -13 -78 69 -53 94 47 -62 -52 -53 56 14 -68 -71 71 1 -75 70 5 33 79
34 27 -24 26 -84 -14 10 25 56 50 5 -55 99 -31 -35 -96 24 21 83 87 -43 75 58 77 24 35 -47 9 32 56 -24 56 -26 67 63 -94 56 -74 5 -24 93 83 -92 -62 -55 -99 -66 -41 -83 36 -25 -28 -43 -23 52 49 -70 -41 -68 61 -45 -12 -6 -65 81 67 -16 -95 54 -7 59 24 -57 -54 74 -21 19 83 51 -5 16 -80 90 48 16 94 93 29 -34 92 35 53 -99
-14 -89 93 35 -38 27 -4 52 64 -95 -50 -6 24 -72 -44 -15 -31 42 54 -8 43 -88 -9 -56 6 -38 -62 48 -72 68 38 -66 7 -30 7 37 7 -7 -10 19 54 -38 85 -31 -51 -31 42 -33 81 -100 -56 -63 -90 -67 59 -6 -11 62 92 -80 -87 36 -1 46 -81 59 -14 -14 37 -95 -38 -6 -45 8 -15 78 -74 70 57 47 -8 -57 55 -92 55 -28 -54 48 58 -97 0 -84
-18 42 -64 10 67 33 13 -33 94 90 -20 -95 -31 72 6 -64 -35 86 16 -56 -76 30 44 -31 6 59 74 82 -24 9 67 21 -67 -47 -9 80 53 78 46 -16 86 23 34 -24 -25 80 81 47 -81 -40 -13 -46 -27 -42 -59 20 -9 20 87 -31 -20 23 49 91 -83 55 -90 -65 60 -70 -29 -59 73 0 97 24 40 -30 61 62 -12 -25 59 26 92 59 97 38 95 -69 81
-54 98 -98 -73 -43 83 -88 87 16 -53 -62 59 60 -37 44 45 -9 20 3 -83 -89 68 -82 -77 -14 51 94 -8 75 -39 23 -34 71 -19 64 -85 100 -24 11 16 -13 26 53 95 48 54 -29 42 -65 -19 5 -90 55 -70 -100 72 -41 84 70 71 -85 48 90 11 -13 -94 18 17 -27 -27 -45 23 -1 -92 -68 91 24 -59 -93 -40 -84 54 8 33 -81 24 89 53 -67 -73
42 -15 -29 25 -51 92 76 -12 -12 34 -91 -33 78 -86 -91 -97 32 98 -100 99 -49 -53 99 6 -18 -96 77 -82 22 -60 31 -27 -88 10 8 -65 90 -88 -31 82 96 96 36 -40 -91 -42 -45 59 33 -40 -30 37 -30 -56 73 -26 45 66 84 -24 -85 99 61 -55 -97 -36 -28 70 3 -1 14 81 -95 60 87 14 58 -93 39 -55 -86 8 65 11 -86 0 -30 66 -78
79 54 12 -1 -25 -20 34 -74 -92 -13 91 -30 11 15 54 -50 -31 -26 62 -46 27 -56 -7 75 -81 84 -63 38 -54 8 58 -38 -36 82 -70 -58 -56 20 44 2 49 19 -62 -32 55 -41 53 -99 -75 -59 -24 -38 7 39 -95 19 -34 30 -21 75 -90 85 11 -99 -88 -47 -23 50 -23 49 10 83 -16 94 -78 -69 75 60 83 -20 74 27 -17 38 47 62 69 82
66 -56 -71 -41 -14 39 8 -70 -59 100 -47 38 51 56 30 -22 9 -31 -94 73 56 67 -51 92 -68 10 15 -97 -87 -68 18 -74 43 -92 3 -89 -68 33 12 56 40 -96 38 -71 -70 29 -34 -13 -96 -100 1 9 -31 -32 -35 -66 -17 17 95 33 45 48 -71 7 -54 23 85 -44 24 -50 22 46 -73 -23 15 69 22 -55 -19 79 62 -71 -12 59 -63 -27 73
-100 -44 -20 12 -81 53 -16 -29 -91 71 -53 25 -41 -93 -50 42 13 88 -67 -74 -97 -3 28 -18 49 24 88 11 -82 -58 -57 73 -27 -31 -25 24 -13 32 -40 39 66 -55 90 -82 -18 -77 -43 1 -96 -59 1 73 -92 -22 -12 66 53 -53 65 14 99 -16 -72 76 15 -48 80 -91 -45 49 -64 37 -27 2 74 -97 69 -67 70 36 28 57 -1 -11 52 26
30 39 -99 -53 -76 22 11 98 -95 66 85 63 -90 73 99 -38 91 35 -76 -2 -32 -1 -82 45 -56 38 -15 -60 -67 -26 39 -20 32 67 56 45 -3 33 47 53 -11 42 -64 37 38 -66 -24 47 34 17 23 72 -11 -1 -85 6 -90 47 -23 4 -45 80 54 -44 -81 58 -63 21 58 19 24 99 40 9 86 -81 -77 48 -94 -27 66 5 30 -30 -78
58 68 -67 50 83 92 -15 -78 -89 -91 -47 -64 11 -4 -88 -45 -57 -96 55 -27 17 10 -24 35 48 84 100 -34 86 93 79 38 31 -32 -21 -53 -67 -70 -40 73 10 30 -20 -33 -39 86 -75 88 47 79 -61 54 23 48 9 -48 50 55 91 73 73 5 -37 64 -31 -5 -62 -10 36 86 64 98 63 -73 82 31 36 65 6 -68 71 32 72 -44
-12 -54 15 -97 -58 -80 9 -34 47 -32 -37 -7 27 95 43 -34 45 90 6 68 -81 -77 26 -77 89 55 -14 -75 -39 12 -33 65 27 86 58 15 -55 -71 -82 -8 62 56 30 -35 99 62 90 53 -56 45 -36 -91 63 8 -66 43 33 5 -100 -76 22 -70 -60 39 -21 -14 1 16 64 96 22 97 58 -14 -56 61 -2 32 -62 -65 -36 46 -16
61 4 16 51 -24 -26 -21 -33 47 96 57 45 -7 -79 -86 67 28 -54 -91 -42 -26 -19 -61 -51 64 62 56 87 67 -72 13 -83 -72 -31 41 98 -54 44 -29 -43 -52 -23 -11 -16 -4 75 -36 80 -68 12 -42 78 38 81 -47 0 12 -62 -57 80 -63 80 45 -79 -6 -57 91 -91 27 96 43 -83 -34 36 19 63 -85 64 14 52 -66 31
-62 -46 41 -38 24 -33 25 86 63 51 -88 70 -71 39 -10 9 15 9 -53 -22 49 -38 -54 -53 67 53 15 23 -34 56 43 -46 -3 13 18 43 -13 7 -51 -46 6 24 23 11 -28 91 71 45 -99 32 -68 99 -77 87 -62 -29 -54 39 -27 -37 17 -18 61 -91 46 -16 59 -22 80 -10 3 -24 84 61 22 25 56 55 -87 -34 60
93 68 -39 -21 -34 52 50 -56 -71 2 -64 -87 -66 76 -51 -31 -2 39 -17 58 25 55 -6 -62 94 34 -9 63 73 -25 1 -70 80 46 -39 2 65 -98 50 16 36 -2 -72 80 41 -59 99 74 10 98 98 -16 -77 -1 51 47 60 62 61 -96 -44 51 -62 -75 18 -29 -14 48 74 -17 -94 46 -90 98 -53 -62 81 33 92 -36
-53 29 -59 -81 -96 -58 92 -15 -22 69 -31 -75 63 73 86 -11 9 16 -19 71 -70 14 -36 83 -60 31 56 -48 -4 95 -87 -57 -57 -22 84 39 74 -88 -47 4 -79 80 -93 9 36 50 -67 17 -36 13 -18 -61 49 -6 99 36 -23 17 -53 -27 -25 86 -85 43 -55 62 55 88 34 34 -84 -47 -4 46 36 94 -13 46 48
46 -17 99 79 -20 4 -4 57 89 -39 -52 -73 73 -38 92 66 -67 66 99 -48 32 34 -13 88 -82 69 84 -27 -78 11 88 -59 62 54 -37 36 -49 -82 -20 33 -52 74 -62 -56 -91 26 -98 -95 96 -84 -5 70 -57 19 36 73 -41 71 75 -49 64 64 93 -99 64 80 77 66 75 74 -81 8 3 -55 31 94 98 98
36 -84 -64 5 -19 30 36 -17 59 16 86 -53 -27 88 65 96 -70 -61 22 -61 -73 89 27 -72 -28 -66 -63 31 88 -98 -60 -45 -64 -24 1 80 -5 48 -14 96 -33 -17 -55 -69 -50 16 -16 -55 80 -73 77 -30 -1 78 -53 -91 -95 -60 -67 -76 25 81 -80 98 93 -81 33 60 35 89 -18 -46 68 33 39 63 -53
-16 17 9 55 -51 -23 28 -4 7 -69 -23 73 81 -69 -1 85 -16 77 -73 -42 -8 -70 23 -64 -43 -81 90 -47 14 -38 -28 -17 28 -80 -78 -13 -27 5 -82 -11 -66 99 -58 -5 14 -25 -68 -67 -35 -45 96 -77 89 -90 -64 -61 -48 48 95 90 65 -12 -59 90 -48 19 -6 56 56 35 -42 -43 -26 99 -48 -10
3 -48 3 -18 73 -61 -16 -35 0 71 -66 -53 90 -22 -90 -83 -22 45 -63 19 24 -52 -18 99 -38 85 -31 -42 -22 -94 92 -68 9 20 20 -37 -70 -92 -66 -89 -79 -9 10 -59 90 -39 26 100 -32 -66 30 7 -69 -73 17 85 55 -36 9 88 12 67 -31 -49 -10 87 29 99 88 -64 6 -52 53 96 -58
-34 59 45 -78 -75 -72 -100 -3 -22 94 -95 -44 91 -58 -13 88 33 -58 4 3 84 51 -75 28 -79 -31 -27 -57 -82 11 75 -98 -59 41 -45 61 92 87 98 76 -9 59 -8 -99 -96 -85 -93 4 1 86 -87 62 89 69 -96 -42 -63 90 -43 93 50 37 -42 4 -46 -5 12 40 14 1 10 -48 -28 0
-80 -28 42 58 -61 -23 33 -38 -26 -50 0 -85 95 85 3 -80 94 -8 -54 -71 23 97 80 34 -40 -62 73 2 -14 -95 58 -78 -6 -30 -12 -92 -48 -33 59 -29 86 27 -89 -34 -95 -1 -36 61 -68 -84 -76 58 -44 -69 -99 -43 -23 -50 -67 19 -67 8 -7 37 -36 35 -89 3 -14 -6 -6 -37 97
4 -19 100 -86 -77 -74 -32 -19 26 37 65 1 96 71 22 -86 95 -96 16 -44 7 -26 3 50 96 -96 -65 -8 -95 31 -9 74 100 -19 -71 -22 75 55 -80 60 18 -29 89 13 92 -65 1 -46 -33 91 -100 -65 -93 12 -5 36 85 38 -85 -20 -18 15 44 29 19 -30 -88 39 41 -31 54 -17
63 -55 -38 -8 37 -27 98 -90 44 -28 -25 -88 -33 73 -17 54 -34 12 -65 -91 97 80 17 40 92 -96 31 -96 -31 -96 -5 -86 -30 -62 69 -25 -37 -92 36 -88 94 73 44 -98 -43 34 -87 65 -69 70 23 50 12 -94 91 41 5 -68 -71 -67 -12 29 30 72 25 -37 99 -79 19 36 -19
30 37 32 -96 3 -81 5 -11 -58 -13 -47 -81 -53 -89 55 -24 50 -41 63 -18 -47 -65 -1 -85 -5 6 48 42 52 -67 -68 9 65 76 -30 70 -10 -71 15 83 -65 9 -6 41 45 54 -83 59 86 16 36 5 78 -98 49 9 -31 69 26 -25 20 28 -12 -19 11 40 82 3 -57 -6
14 96 16 -63 -7 20 32 42 52 -26 60 -12 47 71 19 -14 -68 69 -4 -83 -91 26 51 87 -65 19 -79 40 52 25 1 95 56 55 -69 -2 95 -69 39 53 60 -26 83 53 97 -87 28 77 45 -57 -5 -29 -96 -43 -50 -88 29 -10 7 -48 80 13 61 -71 68 -9 -85 20 56
-40 -9 -99 46 85 -68 67 94 -65 -30 -98 48 -25 -82 -39 -98 29 55 -43 -100 100 17 -43 -73 -86 -83 -78 -60 90 -6 -9 91 64 -9 -22 40 -37 -63 32 30 73 -35 22 -97 29 30 39 -39 0 -96 79 -53 31 10 -56 51 64 68 -67 -11 -7 -32 -85 -24 66 59 -32 90
-41 -37 -17 -32 8 -85 12 -74 31 25 83 -7 13 21 -1 -43 91 -7 -5 17 38 -33 -2 -71 -50 -72 73 -10 -47 -69 -60 58 72 72 -85 88 -62 -33 14 -25 -75 -49 69 -97 -17 -66 73 -24 -95 -96 -86 53 -32 88 -55 20 -43 77 -70 -41 29 47 -1 -62 23 18 41
15 -70 22 65 -96 -23 62 9 -98 53 -41 72 -67 -15 -46 78 33 -94 12 24 -63 -44 -1 -79 -75 24 43 0 -24 -63 29 91 62 -42 -37 66 18 -67 -61 -26 58 19 38 -10 -7 32 52 16 86 64 -63 66 89 46 32 63 4 32 -19 43 -97 -71 45 -29 -85 -35
-35 -15 79 1 -8 24 58 0 60 -76 -59 62 40 -65 -84 37 -93 -28 -88 22 19 -5 33 -24 -15 80 -100 -44 17 -8 -91 -22 51 -1 -22 -35 -94 -60 95 -18 29 97 -59 -89 -89 -8 -89 -72 33 -68 43 -15 -51 -47 -10 9 38 -32 -91 -81 -52 -2 -85 99 -41
-11 63 8 23 95 -12 -40 27 -96 6 56 -80 -23 -13 -58 53 61 -97 -41 -85 -48 -18 13 -88 75 -58 72 73 65 -88 57 86 27 -44 51 -42 50 0 -10 96 -85 55 62 -80 18 50 69 -29 4 -71 -64 84 -6 -39 -31 20 11 -91 -20 5 -4 12 92 89
-16 79 66 -26 42 3 -57 52 92 -52 38 -35 19 -4 55 -32 -5 -21 -60 93 19 80 67 -88 -25 26 -83 -64 -19 16 -53 -84 95 -86 25 -27 -74 -69 -79 0 20 7 80 91 42 -30 3 56 -9 7 -12 30 45 -41 -40 25 -18 24 37 47 75 -100 82
-16 47 60 83 26 -48 -49 86 -13 44 -77 87 -45 24 90 94 74 9 -10 -54 -34 -32 89 -22 -7 52 -26 55 -47 1 -7 95 -13 -95 -44 -63 83 -24 69 33 51 -24 33 7 -19 30 -82 82 85 -75 46 -63 -100 -3 36 44 73 70 -3 45 0 71
-89 -77 0 68 -14 -84 -67 96 38 -47 100 93 -91 23 68 -24 -56 -10 -3 67 51 -70 32 -86 77 98 57 -84 18 -98 -26 -82 -78 35 32 66 0 -17 0 -24 -7 -55 -78 37 97 -70 -97 -58 77 67 -85 -87 38 -66 93 -94 51 22 -60 90 89
28 60 29 28 -71 -92 -32 66 -80 -66 35 -75 -75 -74 80 18 89 -44 84 91 38 60 -85 9 -94 51 24 33 -97 -56 72 9 12 -15 -71 -67 32 91 -9 65 95 46 92 -85 -87 -34 26 42 16 28 -12 -43 -68 -11 31 -43 -39 73 64 45
91 -7 20 -48 84 11 -65 19 -47 -79 93 -14 -82 -22 -21 31 -56 10 2 36 77 -65 -40 -22 81 47 -62 45 54 -49 -59 -59 -99 -29 63 26 -83 -52 -95 -23 -82 -69 76 73 59 48 -10 -22 -76 -53 74 -78 63 -80 -72 50 98 96 -71
15 79 44 13 -23 -88 46 18 -63 -95 69 -25 92 -27 -27 94 -9 36 -97 -89 -1 -65 15 20 29 -11 -64 31 97 -40 28 12 -53 93 36 -28 97 -65 -52 -33 35 -65 -71 98 22 -75 67 22 32 -42 -94 90 25 -37 64 -23 64 -77
-88 70 -73 91 -17 2 31 5 96 -19 92 32 -80 12 -75 -34 -25 24 -99 47 49 90 -79 -96 -99 67 50 8 12 -24 -29 54 34 44 -85 -100 -97 -44 11 -61 -63 -23 82 -12 10 57 -69 -45 -65 -35 76 40 -35 68 -19 -58 -16
27 15 -81 -71 37 63 -86 -96 -52 -61 57 11 50 -57 -21 35 -12 -13 -59 63 89 49 -85 91 50 47 76 -64 28 -97 -30 11 53 4 82 54 42 32 62 71 -95 98 81 89 -5 -97 -16 -91 69 -52 90 75 81 -54 -82 5
-48 -86 -50 -84 -64 79 -16 -88 -30 -46 86 -4 57 81 23 76 -56 -35 -25 52 -41 -42 96 9 77 -80 -47 -79 91 -93 -74 15 22 -72 82 40 -80 -66 -40 80 94 67 -49 -67 84 18 80 -71 100 15 -85 -39 -70 -24 -6
50 -35 -49 1 12 -32 26 18 -1 77 92 -98 -90 8 -36 21 -2 -5 62 25 88 4 74 23 72 81 74 72 -49 63 -22 2 87 -23 -92 10 -72 87 9 -39 9 -54 -59 97 3 70 92 23 41 -18 -43 74 -14 87
47 11 38 -62 -5 -64 72 82 -57 -36 -60 -99 96 63 -13 -26 -12 -12 -66 -60 -47 -2 -64 45 30 24 -79 17 65 -69 39 24 26 36 91 -34 8 -57 23 -31 22 24 99 50 39 26 82 36 -71 10 17 -66 15
-16 -62 24 19 2 -24 29 -67 -46 -10 33 3 -30 -95 0 -90 -26 40 44 46 -65 26 63 -79 69 -29 -19 -17 -20 40 54 -55 75 61 50 -40 93 -86 81 -53 10 -77 -16 -17 -60 42 -67 14 -83 85 -42 4
49 6 -36 -96 48 -72 50 39 -48 3 -42 55 -10 -81 -20 82 56 -92 -94 -71 95 -26 48 -7 -67 -48 -63 42 -98 20 78 95 -35 27 11 -19 92 -22 57 22 -33 -32 3 43 70 -38 14 -35 38 93 22
0 -10 78 80 43 -37 100 36 26 -8 11 88 -8 8 -53 -38 86 10 21 -94 -89 79 16 24 17 -9 -62 92 -19 54 5 -56 -55 77 -70 46 -68 59 61 -91 96 54 25 37 -84 -48 41 -80 28 18
-17 -85 86 43 53 9 -84 -65 0 -54 -34 91 -94 12 -43 -93 63 -88 88 81 -9 48 36 32 69 59 2 63 -47 61 100 43 -50 -9 -32 31 6 65 -45 22 71 -88 -85 -22 13 100 56 -31 38
42 -90 -48 68 66 -96 -3 -78 34 -41 -30 -100 43 25 46 30 42 56 63 1 92 42 31 -36 85 78 77 -18 68 -65 -39 29 -10 -75 -48 -69 56 78 -43 -11 22 4 -87 -51 -3 -61 -38 27
-41 -24 77 90 17 -63 91 66 18 -99 71 18 94 -34 -48 72 -18 35 75 -18 94 -54 85 -30 43 48 21 38 -53 77 44 -7 12 -72 94 -70 -90 -55 -87 78 25 61 64 -79 50 49 30
52 65 28 -67 15 -88 -17 13 55 19 72 -98 0 -73 22 74 -98 -46 28 49 43 48 -36 -65 88 2 64 -39 39 -97 79 -43 2 54 9 -4 39 -69 25 -99 18 -10 14 44 3 -87
12 44 -72 49 -18 59 10 -58 -61 -14 -88 -18 9 -52 35 -54 84 -92 54 -7 66 7 -92 95 -29 -75 13 -35 4 85 58 -32 -47 39 -83 6 -89 46 99 21 15 58 -99 83 81
51 -51 -37 78 -28 48 -40 40 44 -87 -35 71 -64 -5 68 -84 5 -69 68 -48 -86 10 68 61 19 -84 -8 -36 27 -54 -14 22 -8 -45 -68 -18 -61 2 66 54 100 -79 46 -76
-61 -95 -95 -100 -73 -91 91 -77 89 96 58 32 -86 3 -66 4 48 28 -25 32 84 -29 -6 -47 65 -70 29 -72 -56 87 4 -62 -7 -98 71 -37 -67 51 -74 -46 42 63 -35
82 -89 -78 -61 -11 -84 10 -94 11 -54 66 19 -27 -10 -97 -72 -15 -6 85 -82 46 -99 -42 -81 81 -12 74 -96 84 -63 -96 50 49 2 -25 34 -96 34 88 52 46 27
-88 -62 88 -18 10 38 77 92 -14 23 83 64 58 10 -77 78 -98 15 71 11 8 -59 -65 -38 17 -23 -67 -96 -26 2 -22 99 99 -84 -48 91 59 -33 25 83 53
1 -38 -40 4 41 -63 5 -12 8 -34 -26 -67 100 92 -75 -6 79 87 55 -81 -65 17 -7 -47 -30 -38 52 79 86 75 69 -1 -86 -65 68 79 24 85 96 14
80 87 -54 96 -55 -94 -13 25 -71 58 -76 19 -33 -47 -70 -29 -90 -29 -32 -23 -99 -90 -18 -55 -88 64 -89 100 -80 -89 -24 96 -34 93 40 68 37 -86 -35
61 -3 96 75 -2 -12 -37 -83 -32 -100 28 -53 45 61 -87 4 -86 29 -27 -66 25 -4 -67 56 -77 20 -27 -85 -12 71 43 -4 72 16 1 30 86 -17
-26 -18 57 38 57 77 16 62 -85 -34 -2 -64 18 -9 -8 96 -48 22 89 32 -76 15 50 88 -12 -95 28 44 -74 71 -19 90 -56 -39 59 -13 78
9 40 66 76 24 29 93 35 85 80 -48 -58 -51 34 82 -96 71 33 72 46 24 23 37 -49 48 -43 54 -45 61 -82 -92 -89 95 12 -51 -55
93 5 69 1 -34 96 86 -5 73 71 -78 -82 62 36 23 79 88 -98 -53 -69 93 -98 -35 -90 23 82 18 71 -15 -12 31 1 62 2 -91
-84 84 -15 -50 -70 -44 -79 33 -4 25 -14 92 54 -27 66 -98 40 -34 -41 7 -95 -3 66 88 -60 -75 67 19 -13 49 -35 67 98 -71
83 -32 -45 41 33 6 -32 15 -14 11 -95 59 -97 -8 61 44 -90 -17 -91 -85 27 98 -97 99 52 -27 32 96 6 -59 42 -56 -82
-34 11 54 68 -41 0 87 50 -45 -7 -23 16 16 -89 48 -40 56 53 5 78 1 82 97 -17 50 -83 -69 -93 -39 -90 -95 26
-66 -20 -98 16 60 -25 5 -76 -24 -50 -39 -64 -36 -77 -51 59 -35 15 9 -34 84 31 50 40 83 44 85 96 39 -99 -52
25 92 42 -88 97 -15 -6 27 -96 -72 -42 34 -11 50 89 -97 39 -88 -83 47 -73 17 79 85 -48 23 50 -79 -1 3
-13 88 46 56 33 -93 -65 96 -49 -41 33 61 -85 76 -40 -33 -28 -40 -51 -55 -40 -38 45 60 -7 72 55 42 97
-3 -16 12 -87 81 24 -6 -88 50 82 31 63 17 16 -50 -46 5 32 72 27 -22 -73 3 1 80 -95 -97 -8
20 42 9 -19 35 34 41 73 -9 85 17 -72 83 46 18 63 89 -59 -14 -3 64 73 -63 95 -73 7 -18
31 -24 -23 10 19 58 -18 72 -38 -87 -93 -66 31 -32 -41 3 18 63 -72 53 -21 -80 58 -87 11 97
-53 87 71 11 -37 -17 -13 -3 19 -46 44 -70 -72 53 6 55 9 -11 70 35 -58 -93 58 92 -56
2 -91 44 -11 3 -7 -94 69 13 -98 -80 53 -91 -46 44 -24 -77 -56 23 26 -41 4 38 60
41 -97 -32 70 -90 -40 68 84 59 49 57 18 -7 80 65 -26 -33 -68 -4 88 45 -48 -85
-45 53 -71 26 60 -78 16 -84 -22 -55 -85 -74 3 87 46 -51 -83 35 -24 -22 65 39
87 -78 -70 -76 51 62 -3 -90 19 -68 0 65 88 80 38 -79 2 2 -93 -37 -36
26 69 45 8 -48 70 -70 -75 -73 -52 -92 -54 -19 -38 88 -90 -4 75 33 44
91 -9 85 76 70 -30 -39 -5 11 74 -7 -25 -87 4 -74 60 -69 -11 44
-55 64 -77 -91 38 75 -75 0 3 -7 -71 60 49 65 -89 43 -38 73
87 15 79 62 40 41 -72 44 -28 -61 34 -38 -36 -97 -3 -71 65
-6 -2 -2 0 96 66 82 5 17 -94 -47 -29 -31 96 -34 -69
-82 62 86 5 8 -74 75 78 -52 -11 85 -84 -73 -62 95
-45 -89 2 -66 -61 81 -77 3 -1 -36 31 -37 -7 98
-89 -78 55 13 -44 -3 -6 -48 84 35 -88 -99 40
-35 96 -13 85 -63 -8 19 15 97 -64 -78 3
23 68 90 -23 -9 72 51 30 28 14 -77
20 32 -2 21 38 0 26 32 41 29
-58 72 44 12 -9 -40 87 -73 30
85 67 5 -25 17 -63 89 81
99 93 -20 -37 17 -100 47
-57 71 -92 -15 20 -26
99 91 97 72 21
29 86 -53 -93
37 25 -79
-4 -32
38
