50
10 10 10 10 10 10 10 10 10 10 10 10 10 10 10 10 10 10 10 10 10 10 10 10 10 10 10 10 10 10 10 10 10 10 10 10 10 10 10 10 10 10 10 10 10 10 10 10 10 10
23 25 7 27 31 15 3 42 39 37
46 19 32 35 17 7 10 17 37 22
44 23 1 47 9 48 6 2 47 5
49 1 46 25 12 16 45 14 18 33
8 19 23 17 14 12 46 7 23 6
37 11 29 40 31 22 32 24 48 27
29 22 14 20 45 21 19 31 15 22
44 46 10 11 12 33 11 21 9 39
42 44 9 11 22 16 19 39 23 7
13 40 6 46 20 9 20 4 36 6
34 48 29 22 41 48 16 18 47 13
47 16 43 23 1 1 18 20 33 43
41 16 16 31 7 9 16 44 11 46
43 7 41 25 24 39 17 22 31 31
18 48 19 20 26 2 27 47 42 26
5 30 37 5 1 12 2 49 34 20
20 29 5 42 4 41 3 30 36 30
32 45 19 50 36 33 25 48 48 1
1 35 11 32 39 33 20 23 41 36
44 28 1 10 5 15 30 12 29 47
2 42 27 2 26 44 33 18 45 22
23 38 4 29 14 23 46 17 1 46
40 37 17 6 47 6 45 14 3 45
14 3 23 31 10 39 37 6 24 45
38 1 39 8 18 20 40 25 12 21
31 28 21 5 50 36 48 44 37 5
25 17 3 2 31 38 4 32 37 38
43 1 15 36 15 4 7 47 32 8
10 43 32 21 6 36 48 3 7 26
27 48 50 16 44 12 41 17 40 37
33 41 28 10 15 5 9 38 2 33
19 15 36 15 17 38 16 14 2 30
45 47 48 10 30 25 21 50 35 9
43 28 35 4 23 50 25 41 36 9
8 40 17 1 36 42 25 28 5 21
31 10 13 4 43 37 30 38 14 31
41 36 37 47 32 8 49 40 45 7
43 13 27 4 26 38 13 27 24 29
2 30 36 37 50 39 37 39 36 1
36 33 8 24 35 17 5 3 11 17
25 4 44 49 2 46 33 2 20 5
9 6 43 42 8 24 20 15 35 13
29 18 39 9 42 45 12 20 25 48
27 28 32 49 24 30 33 43 36 36
39 2 32 30 39 41 45 8 9 8
7 39 17 41 24 22 24 38 46 14
42 1 39 3 27 21 2 28 49 14
46 10 15 19 32 18 4 4 23 5
17 14 40 13 38 47 25 29 1 5
30 22 41 24 42 47 36 8 30 16
-42 6 -21 32 41 14 2 41 -48 -36 48 -50 -1 -33 -33 36 -13 -45 -24 -45 19 -16 -1 -3 47 17 -29 25 48 -2 -2 -40 46 -44 11 -20 -43 -20 -3 5 42 -48 11 -28 13 5 -35 7 42 -1
-10 15 33 -20 -50 30 14 36 13 5 7 -48 -7 -26 20 26 -21 -5 44 -8 35 -44 -7 -18 33 -7 -22 -29 -7 -11 32 28 -46 41 18 10 -37 -13 -13 -47 -18 2 -12 -41 -31 -37 27 -2 30
41 -16 15 -14 13 44 -33 -31 33 30 10 23 27 40 14 -4 -6 21 10 35 33 27 1 -42 -19 -47 9 7 -21 26 9 -9 31 -39 31 17 -10 30 -30 10 49 21 18 -9 25 -43 -47 -10
-26 -17 -39 -25 22 9 50 -13 -47 -48 29 19 3 20 28 -24 -40 -44 -35 -19 -33 30 -26 46 35 1 -10 -20 41 7 6 -14 -8 31 9 4 -33 12 45 29 -25 28 15 32 -21 9 19
-27 47 -49 -24 -10 -11 33 -11 -20 -24 44 6 -27 45 -15 -17 9 -17 -4 2 31 -37 27 16 29 44 5 41 39 -48 -18 -14 31 -6 19 -18 11 -38 27 4 35 18 47 15 37 -14
-23 26 15 35 -7 19 5 -13 18 7 13 38 -34 13 38 -23 44 -18 40 8 -5 15 -35 -50 -26 6 15 41 33 -17 -16 25 20 31 -17 39 -46 38 -10 -3 46 49 -45 22 -24
47 8 45 -18 -39 -43 -39 10 3 -36 32 -47 -30 3 33 -7 22 17 39 13 -7 -8 -12 -46 -18 -23 -29 23 -39 4 18 10 24 17 42 42 -22 -49 38 5 14 -46 50 15
33 -27 46 18 -24 9 -28 22 38 -12 -44 -49 44 50 43 13 4 49 -6 33 34 -30 -8 -16 -46 29 -20 -30 24 -24 42 13 -44 -17 -28 26 45 -31 -34 -41 -50 47 -9
20 -23 11 17 22 -24 30 -39 33 4 45 -40 -39 7 -48 46 48 -31 18 37 -36 -37 31 27 -33 -4 -26 -23 -27 9 -25 -42 -17 18 -45 38 40 -42 -49 15 41 2
15 32 -31 -23 -12 -5 -48 -2 7 26 32 2 46 23 -34 48 -3 -23 -38 42 -34 29 -6 -18 -31 31 34 -11 -43 -48 0 23 -48 1 -28 10 -35 -44 -19 50 15
-1 -18 13 -1 -42 22 16 -19 34 19 18 -29 -43 6 20 -24 -42 -7 -22 11 46 -40 48 -31 -49 -46 -10 35 36 -35 47 48 3 26 44 -48 44 35 -40 9
-7 -4 -36 -25 -8 -27 8 -38 48 -15 21 30 33 -1 38 3 32 -50 -11 -21 -46 31 25 -12 35 7 -32 27 3 9 -20 22 -46 -7 -23 -20 13 18 37
-42 -8 42 36 29 26 11 17 -11 -2 -50 -33 42 -13 -46 -25 -15 3 45 32 -6 39 -13 -40 6 16 11 -44 23 30 45 -45 -44 32 33 -35 -34 10
34 48 43 -19 40 23 4 38 -8 -46 -31 -40 33 -38 -46 -17 2 27 -8 49 -39 -44 7 -47 21 -5 29 40 -4 -23 -32 4 0 28 16 32 44
3 4 24 25 -8 16 42 -35 -18 9 46 -33 -2 38 -43 -6 13 22 -48 -13 -9 47 2 22 34 -27 42 9 -14 47 17 -50 -39 -17 -3 -30
-19 38 -24 -46 27 -24 14 -3 13 -16 29 26 -26 23 -11 -42 -12 -28 36 48 -44 -12 43 -13 -49 30 -22 -45 -2 -18 9 -8 -12 -31 -11
32 -7 -30 -7 50 -6 -36 38 -35 -23 -40 29 -11 16 -49 -17 32 12 46 42 -14 3 -8 -2 44 -14 13 32 -42 -12 -29 4 -43 -50
-8 -47 20 -8 33 -47 20 -6 24 50 -18 3 35 41 25 13 2 41 39 -3 39 35 26 9 -31 -45 -17 27 -8 46 44 38 13
34 2 2 -46 44 -26 -27 -13 25 -22 15 -43 35 6 2 7 17 -3 21 48 43 26 -48 -9 -22 43 -22 17 13 43 -47 -37
46 12 -44 3 -13 -13 4 -42 16 22 21 27 -48 16 -30 -10 24 38 12 -49 -27 40 6 -21 -9 -38 -15 -22 20 3 -29
-32 47 33 -16 -15 39 18 -38 -6 50 -39 -34 -2 9 30 -2 14 4 18 32 -46 -50 1 -7 -27 14 -35 7 6 22
-27 -11 -22 -23 -21 -5 9 -27 -43 30 24 5 -20 27 -40 -17 -33 -10 18 25 8 2 -37 36 -20 20 -39 -41 -4
-41 -6 -24 -14 -26 45 -25 43 -45 -37 47 -49 -7 9 18 -26 -38 11 -31 -2 -41 31 -39 -26 -24 27 -31 -35
-45 21 33 25 31 41 -30 -31 -18 -18 7 30 37 48 33 19 50 35 -48 19 23 -14 7 -11 27 41 -27
41 41 11 25 -20 24 21 -34 50 41 -43 42 -1 29 -4 -7 1 31 36 38 -21 29 0 12 4 13
22 41 -31 24 30 49 5 28 -8 32 -35 37 -25 6 -15 -10 2 -9 -3 16 -5 21 29 -30 -35
-41 38 24 3 -27 -27 -18 40 3 46 32 18 -35 9 16 -11 21 20 -42 -9 -3 -40 49 -41
1 -33 28 -19 -42 -47 6 25 -48 43 -10 -37 -38 33 30 46 35 26 -27 -3 -44 32 18
22 -39 10 -35 41 34 -23 -20 -37 42 -14 34 16 -33 16 -48 23 21 35 -45 35 -34
-31 25 -3 23 -17 7 -27 -14 42 -33 38 1 23 33 29 6 22 37 6 -50 -8
-12 -42 -33 -11 -48 -3 -19 -7 -45 34 27 43 -26 0 -34 -34 12 -3 -7 -17
-8 15 -45 11 47 20 32 -37 20 28 -31 0 14 -34 -50 20 5 0 40
25 -19 -7 32 -48 -4 -7 49 -45 -40 47 -14 39 34 49 24 -24 -1
-26 48 30 -49 50 32 9 -6 -44 40 -28 10 -24 14 -14 -45 -42
-40 -35 -6 5 14 -23 15 -40 23 8 -47 -16 -18 3 -24 -46
-8 49 -13 -43 -20 -31 -31 35 -49 45 45 -49 7 11 2
-47 45 -41 -32 0 36 -5 -47 -10 49 -26 -39 49 4
-33 -22 16 -31 -46 16 41 32 -7 0 12 38 -4
9 -29 21 36 -44 35 11 25 4 16 -24 -14
35 7 17 25 36 -4 -24 -6 30 39 -25
-44 -15 -44 -26 -19 -49 -11 -20 -8 -40
-1 19 -44 41 27 -46 -32 33 16
-36 -1 -6 -43 -1 39 29 30
-33 -30 46 -11 49 -29 25
0 33 27 -40 42 31
30 -43 -6 -6 46
10 18 -23 26
-4 -2 26
44 -29
19
