25
5 5 5 5 5 5 5 5 5 5 5 5 5 5 5 5 5 5 5 5 5 5 5 5 5
3 3 5 17 12
7 12 5 6 23
15 3 23 21 1
17 10 22 15 12
5 14 24 19 1
12 7 13 19 24
3 22 11 16 24
19 1 23 10 17
17 17 24 22 2
9 2 19 11 17
10 12 25 21 24
4 18 12 21 3
20 8 21 9 4
9 4 4 2 6
18 13 17 12 11
19 14 23 23 20
21 19 17 14 12
8 19 2 3 13
11 11 3 13 19
9 9 10 22 25
20 23 16 17 12
7 11 5 16 11
14 14 11 20 1
21 2 2 17 20
12 18 6 14 11
13 -3 -8 -5 13 -11 2 25 -14 2 22 18 11 -23 -9 21 9 -23 -8 -11 -8 -4 -15 -17 5
-9 0 20 3 -20 -24 25 -23 24 25 3 14 -14 -1 -8 -8 18 -5 15 -6 -11 -25 13 9
23 9 10 -10 -7 18 19 -19 16 -5 16 -12 22 3 -18 2 -22 -24 -7 -20 -4 -6 7
-20 25 -21 -5 -10 -7 -4 20 -1 16 -6 17 -11 -24 23 -17 8 -9 3 11 -10 -20
-19 1 14 13 -21 -2 -13 -6 18 -2 17 -24 -1 -23 -1 20 7 13 12 24 -9
-23 17 -5 -18 4 -11 -15 13 17 5 -3 -11 10 20 -8 -22 -3 -14 2 8
18 12 18 -16 1 0 11 -12 -12 -4 18 23 -1 -10 14 -10 -23 15 18
-8 7 -9 -22 -2 -7 24 -16 -6 0 -1 7 7 9 -7 -9 -25 18
-10 9 -1 19 -22 -2 -1 17 -9 18 -14 17 -16 -18 20 5 -22
22 -6 7 15 18 11 -9 -18 4 23 20 1 5 14 4 -1
6 10 -24 -8 21 -14 17 10 -9 -1 6 -23 18 -15 -18
18 -18 -23 1 -1 0 5 13 25 4 -4 -15 -19 15
18 13 25 5 2 -23 -12 -19 23 -8 23 20 1
-14 -20 -17 25 9 -13 2 21 -21 17 19 12
-8 -7 -2 25 19 -18 25 -5 9 24 24
-13 -19 -11 21 18 22 -2 6 12 -15
5 2 5 -10 -7 -13 -13 -21 14
16 7 1 -21 -2 -1 -15 -19
22 20 4 6 -10 12 11
17 3 24 8 -3 24
12 -18 22 5 11
-1 8 21 13
17 23 0
5 -5
14
