50
41 8 2 48 18 16 15 9 48 7 44 48 35 6 38 28 3 2 6 14 15 33 39 2 36 13 46 42 45 35 27 15 29 38 18 1 49 11 45 28 22 18 10 14 49 22 7 6 25 7
23 23 39 17 3 47 30 35 8 25 6 36 19 41 40 24 37 13 46 5 3 43 15 50 19 6 15 7 25 18 30 41 24 11 24 23 14 43 18 45 44
42 5 39 41 11 35 47 16
11 30
25 18 41 45 36 15 44 21 50 50 4 15 3 21 26 18 5 14 37 46 21 14 42 32 26 42 30 10 17 9 16 48 36 35 17 48 38 28 38 26 24 15 9 33 32 6 49 4
8 10 41 11 44 28 39 5 25 25 39 30 34 17 36 1 44 47
8 44 35 49 18 50 42 22 8 19 28 11 30 1 47 47
17 33 49 12 33 7 41 20 41 33 39 13 10 24 49
11 35 50 34 1 39 21 32 2
8 24 20 16 4 16 37 6 6 47 32 5 49 35 50 9 9 43 31 36 11 17 34 39 28 14 35 49 47 45 13 46 20 26 43 42 24 29 34 29 8 16 15 5 22 2 38 36
15 38 15 1 5 46 41
4 15 5 3 22 5 33 16 18 43 32 14 35 9 47 37 37 31 16 31 27 13 7 7 43 28 23 28 27 30 47 4 44 42 42 7 4 26 47 22 7 16 13 13
35 29 9 28 12 18 30 16 5 29 36 7 4 42 35 1 6 49 16 11 27 32 31 14 26 4 11 25 1 25 17 30 19 28 45 47 36 43 46 32 10 13 19 14 4 38 48 35
4 48 21 4 4 38 31 33 34 11 4 33 6 12 5 39 5 44 16 26 8 37 16 38 39 3 40 6 27 43 38 37 34 21 17
14 43 46 21 16 17
26 9 43 42 20 30 21 49 5 1 30 40 37 7 5 35 14 33 17 9 23 5 16 24 19 11 29 35 46 20 40 42 34 1 43 36 20 43
7 9 17 8 7 48 36 10 18 19 39 14 46 22 14 44 41 17 33 32 17 4 6 41 28 18 3 1
22 50 9
41 17
11 48 29 36 46 28
36 1 8 5 45 10 35 3 24 38 36 10 28 9
3 20 24 3 23 14 44 16 43 7 23 50 36 27 40
48 10 16 11 12 27 2 12 48 22 27 43 48 16 18 11 45 7 25 3 31 15 13 30 23 20 15 15 2 43 13 26 22
18 5 50 18 23 42 33 26 44 35 22 2 8 17 12 38 17 3 7 39 28 23 47 21 28 39 33 8 25 37 13 17 3 46 28 1 34 35 44
47 48
48 43 13 24 28 5 43 22 40 21 43 8 47 20 33 20 43 27 21 26 45 19 36 9 13 27 43 25 44 48 12 40 37 20 26 36
1 20 19 14 28 38 39 42 21 30 29 29 44
14 33 31 48 11 43 6 19 33 43 41 40 22 6 49 16 44 20 15 13 10 2 3 16 31 40 50 5 30 27 41 37 13 46 45 25 32 26 16 10 42 45 1 49 50 7
50 28 15 12 45 34 30 4 36 16 8 30 9 30 43 34 36 39 21 49 29 40 47 33 28 36 29 11 48 31 29 17 49 16 41 18 50 50 34 32 41 16
18 29 5 46 19 16 18 22 21 35 6 9 10 15 25 45 10 46 14 5 27 27 22 35 30 27 4 14 27 25 50 38 45 2 49 37 25 31 1 23 20 49 25 27 35
48 48 35 39 15 32 15 18 28 32 2 25 22 43 44 26 47 11 30 9 40 35 2 26 38 37 43 2 6 42 28 9 30 12 4
17 25 21 14 30 21 22 49 25 18 49 27 17 6 31 2 48 35 4 23 15 42 5 50 42 3 49
2 16 13 2 40 10 16 9 31 43 8 37 14 30 45
17 50 24 11 39 39 48 46 8 50 11 20 7 38 2 20 37 44 25 26 46 13 5 38 45 41 16 7 45
50 20 44 39 8 37 3 23 35 28 43 24 5 33 42 22 1 27 32 7 28 24 41 30 46 10 28 12 47 34 42 18 40 35 50 31 30 28
47 38 18 21 16 6 18 29 16 49 30 37 40 43 25 22 2 32
21
12 32 14 23 17 22 18 39 45 18 36 1 34 13 6 16 47 27 32 36 49 16 45 31 42 46 32 29 2 6 19 15 26 45 16 20 43 38 24 31 36 34 23 28 48 36 22 23 45
30 18 20 17 15 8 47 13 21 8 48
35 49 45 12 13 14 48 31 18 47 38 49 34 39 19 7 13 19 15 24 12 20 1 46 35 9 18 3 4 36 19 45 9 41 49 32 7 1 37 19 31 31 29 22 12
4 17 31 8 5 26 32 5 37 41 44 4 10 10 37 20 6 16 8 36 49 27 39 39 40 15 50 34
25 29 29 20 38 28 20 37 40 4 40 48 7 49 14 41 14 17 43 6 11 16
12 36 5 11 1 27 29 45 39 31 19 3 15 19 46 19 45 30
5 44 15 17 41 38 43 13 28 8
35 15 42 10 18 10 5 4 11 20 39 48 37 19
29 8 30 45 20 45 26 18 33 35 32 29 6 39 3 28 48 21 39 17 2 6 15 44 37 38 2 49 44 18 37 3 49 49 12 31 34 42 29 18 12 38 28 41 32 6 31 23 27
22 21 43 7 11 22 27 45 32 19 43 26 49 36 3 30 6 21 17 21 8 50
26 33 1 43 35 30 27
4 13 34 24 40 49
32 41 29 49 4 14 18 36 9 19 29 45 32 8 2 41 39 16 46 11 20 36 1 36 27
6 15 8 30 8 42 10
13 41 -13 15 40 -16 3 11 10 -19 8 20 -32 -1 -26 26 15 45 -33 -42 -15 48 3 -7 50 14 -16 -50 -14 42 -12 25 24 34 12 -31 7 18 11 -6 -8 20 47 19 -2 8 -9 -26 39 -20
23 -1 -21 49 2 -45 -10 45 10 40 -2 -1 34 33 -31 13 -46 -34 14 25 -8 -38 6 -38 17 8 -49 42 -32 2 33 -31 -41 10 50 -17 -7 29 38 0 33 -40 -8 36 18 -2 -10 30 41
47 12 19 -46 29 -42 -20 30 37 -14 -21 45 -39 5 -38 47 31 40 -38 6 -29 38 -12 -47 -45 -9 -43 -13 -5 -3 5 -32 -19 17 2 22 37 -27 -29 -28 -40 28 -2 29 37 -20 13 24
-32 -21 9 31 -18 8 -18 35 -49 9 -14 36 19 -30 -41 6 -6 25 -12 31 4 38 -18 8 -12 -25 -1 11 -37 -20 -2 23 -5 23 -13 39 -13 -48 34 0 -15 -49 22 37 49 45 -44
27 45 13 -14 49 -21 27 -5 -22 31 -26 29 -18 36 46 42 48 34 37 -33 30 -38 30 32 -45 -11 50 6 -46 24 -4 43 -34 -39 -13 -9 45 3 -28 -25 -34 50 19 -4 17 14
-16 -29 -18 11 -13 45 -7 -36 9 -41 -32 46 -22 36 42 36 0 21 -4 -39 0 -49 -17 18 -35 8 -3 36 45 36 -17 24 -2 31 -3 -37 36 -21 10 -47 29 21 -9 28 -22
32 -42 31 9 39 -12 33 2 -36 -33 -45 -46 -12 13 -36 -38 -20 18 -33 -1 8 -3 35 45 39 19 3 25 45 43 -31 3 33 -38 12 28 2 -15 -46 38 -3 -23 6 6
-20 -4 -38 37 -3 19 32 -5 -43 0 -15 -26 -35 8 -39 34 -23 32 31 26 -48 -44 50 -8 -19 -34 50 22 -24 -42 47 20 -24 25 -23 -21 -8 49 -32 50 26 -50 -15
-32 -34 19 -18 -28 -36 34 -47 -34 -49 -5 50 -20 25 -9 -48 -28 -17 -44 -34 44 3 17 -36 45 -42 10 7 49 -4 15 25 -37 7 14 -22 28 -45 43 50 34 16
-12 8 32 -47 -43 11 1 4 37 -37 12 41 6 -41 -40 -9 27 -32 -42 -34 -15 29 31 24 20 41 -9 -2 26 17 -13 8 14 27 5 -38 39 -36 33 33 48
20 42 -23 5 7 -21 2 -7 8 1 3 43 -38 -10 4 -10 35 -18 -3 -31 37 10 -42 -39 -40 -39 5 -38 45 44 -3 -34 21 -43 25 21 21 -8 35 -35
2 -5 35 46 4 42 -44 -14 26 -11 -5 -37 23 14 -23 -31 34 11 -22 -37 -6 21 -3 -36 47 -15 23 -22 4 21 48 29 28 36 32 21 -47 27 34
38 -16 -47 -27 -16 39 47 -11 -7 -6 -50 -27 -32 22 34 1 -42 -32 44 31 -47 -39 45 17 -23 -2 3 8 -7 -30 -3 -11 42 -9 49 22 26 -40
-44 -31 -30 46 29 -44 36 -40 -16 6 34 4 12 27 6 3 -16 -23 46 15 -36 -6 5 -36 -14 36 36 25 12 17 35 -11 -45 -22 0 26 -43
-50 -24 -12 -23 48 -33 47 -18 -13 -9 -35 -50 13 45 5 -28 -34 -2 18 40 -21 14 21 35 -5 -41 0 44 -45 5 -48 8 -41 -10 23 4
23 1 40 31 3 -13 -36 1 -48 -9 -29 29 8 38 -4 -39 5 -37 -19 5 25 1 17 -40 0 -11 45 -7 -22 -8 49 -29 -41 15 31
-36 17 15 -26 49 -6 -6 43 32 -32 -20 -37 -32 -18 -25 -28 27 -31 47 47 33 -41 -28 48 30 13 9 46 22 47 24 7 37 22
32 31 29 -9 30 -10 -31 6 -42 10 6 30 -12 -15 25 -43 -5 14 -41 -11 9 7 -46 -43 -3 -14 -41 32 -39 28 26 14 -1
9 24 20 44 -45 7 23 33 -26 -9 27 10 14 -31 -43 7 -37 -7 41 -40 14 32 -28 -45 -19 40 6 6 17 16 28 -30
-4 -3 -14 -1 2 49 -7 36 26 -44 30 32 -8 -42 -8 -38 21 36 -1 -14 -18 42 34 27 -31 -8 -40 24 34 -32 -6
-11 33 39 34 0 -34 26 40 -40 -11 21 -2 32 -8 -34 35 39 44 37 17 -39 32 35 4 15 -4 -48 -4 -11 -27
-23 -7 48 12 -26 -22 -33 -31 -41 -13 50 -38 14 48 19 44 17 -46 34 -7 48 29 -34 26 -2 -31 -30 -27 38
48 29 -29 42 6 -45 2 -4 36 42 -20 6 28 -14 46 45 50 7 -21 18 -20 -11 50 10 -26 -3 36 23
6 9 48 -14 49 -2 14 17 3 -30 -25 27 -33 -18 -44 32 11 -3 20 -37 41 16 -35 -14 -40 47 -30
-16 7 15 -32 5 -39 -22 7 -6 -47 3 -44 0 14 -3 -20 -1 -40 -3 -22 -47 -10 -38 41 33 -8
-32 -33 -46 -14 10 39 -33 47 40 10 7 28 -50 -40 -48 -18 -23 -31 20 43 27 17 4 -36 49
-14 -20 -12 -35 -44 -20 3 31 29 8 -42 -36 13 26 18 -48 30 15 23 -20 41 -32 -13 4
-50 28 -5 -20 23 3 -27 35 35 -40 17 -4 -42 17 19 14 50 14 20 -48 -1 10 -45
31 -1 -3 -18 45 -48 -5 50 -42 -6 -20 43 34 30 -37 48 24 44 46 -8 -33 -45
-5 19 -7 32 -28 49 37 9 39 11 30 -27 -33 -42 41 49 8 -46 -13 -25 -45
-25 -45 -10 -11 15 0 19 10 -18 -46 46 32 -26 -14 -5 49 -44 33 -8 -16
-35 -3 5 1 45 6 -1 -7 -27 13 38 13 -3 16 -16 -40 43 4 -40
5 27 -27 19 -13 -9 -37 -40 -9 34 -13 -11 7 27 41 4 -29 38
6 -6 7 -45 43 -5 28 5 -15 31 -43 -41 35 31 1 -4 15
45 36 -30 -47 -32 27 36 50 6 -46 -34 -42 -20 49 32 -4
-4 -1 22 -46 27 -31 36 7 -3 -3 6 47 -41 23 -33
17 -4 0 -10 33 -15 -19 -36 -47 44 -27 13 16 -1
21 -35 -17 49 -17 40 7 -23 28 -14 38 12 -25
-35 -33 -41 7 -28 41 6 -39 37 -10 35 -6
40 -42 20 19 -13 -12 -30 41 40 39 31
-28 -4 15 -22 -35 -25 -33 -20 13 -47
-4 20 23 -3 9 20 -34 28 -39
-42 -11 0 41 42 11 17 2
48 2 23 -41 -34 -10 32
-41 7 9 37 16 -6
-34 49 20 31 25
-27 48 -34 5
14 -43 -35
16 -31
-12
