100
4 87 47 35 52 13 98 85 87 85 15 4 67 42 63 84 3 98 100 80 17 70 43 56 35 16 44 35 19 88 14 34 63 24 62 86 14 32 64 2 51 79 11 67 5 87 2 92 71 65 27 75 19 39 18 68 2 35 95 16 54 91 4 3 88 25 67 25 51 85 60 86 27 71 56 62 97 17 6 81 71 58 58 24 91 60 60 27 1 86 28 63 47 65 68 92 37 73 4 19
85 57 54 61
26 5 33 28 86 44 6 34 20 80 19 5 83 46 13 68 74 52 57 100 8 26 31 30 10 96 72 31 83 79 89 20 37 29 12 92 30 50 74 56 24 60 33 13 45 43 95 39 81 86 18 18 69 52 90 65 30 87 65 5 63 64 90 16 73 16 63 63 83 72 43 15 33 33 36 93 95 36 11 38 53 89 49 1 36 72 19
16 14 90 22 18 18 92 34 45 70 70 47 21 64 71 13 14 7 88 99 73 18 58 20 55 73 18 77 97 9 44 80 33 90 9 86 68 46 17 19 17 91 14 69 13 70 58
65 13 23 68 53 73 100 79 6 68 1 30 42 77 41 5 46 78 66 77 34 93 20 36 34 5 50 51 87 41 21 44 28 86 72
44 46 60 17 55 87 82 71 18 84 95 41 45 38 85 90 75 36 35 58 56 61 94 79 98 51 8 6 67 29 86 49 2 66 34 76 76 1 80 22 97 82 36 25 37 45 29 49 59 45 68 13
75 82 30 12 70 19 49 55 82 22 24 71 18
31 39 63 79 28 96 40 57 45 20 51 38 7 1 59 86 16 100 60 14 32 57 41 69 45 32 24 22 97 6 35 79 16 51 80 58 74 60 21 48 96 59 10 99 48 34 42 33 53 87 100 83 54 66 72 43 53 82 91 55 13 78 76 52 79 9 58 29 44 53 6 5 93 30 15 40 43 87 80 61 47 12 8 44 84 84 12 51 42 94 29 51 14 60 82 100 40 81
1 14 72 42 5 10 41 60 12 51 55 73 54 32 59 56 66 47 80 87 67 99 10 51 98 20 96 8 44 2 77 11 65 20 98 21 5 2 75 86 41 45 33 63 79 49 10 72 62 49 95 47 9 26 31 51 12 93 20 18 87 79 41 38 32 12 14 16 30 47 90 45 96 43 58 64 61 7 24 5 20 26 43 72 10
68 75 50 1 96 30 57 87 85 68 100 75 10 48 68 69 21 42 83 25 22 94 4 11 98 71 87 71 82 35 87 4 35 90 76 6 52 4 4 53 40 47 25 100 94 39 4 18 66 56 17 32 9 44 33 56 72 45 65 25 22 100 27 17 50 16 70 44 66 91 81 85 32 79 41 98 12 99 12 37 68 62 4 89 63 24 44
4 58 70 20 96 43 55 27 24 98 32 84 92 35 69 48 4 73 44 65 13 4 97 64 49 96 37 23 50 18 87 9 5 86 67 1 98 11 52 64 85 36 86 87 14 15 43 73 31 94 11 76 19 57 24 45 85 37 51 71 20 41 86 73 100 65 9 35 24 56 77 25 100 94 48 54 21 13 3 11 44 3 11 25 97
74 100 11 58 9 93 22 48 68 46 43 56 84 72 67
58 78 1 26
22 97 57 7 22 42 94 86 11 96 87 81 79 42 59 41 64 94 54 14 100 55 21 27 30 67 97 43 4 96 56 40 64 53 36 100 78 10 96 17 83 94 86 85 12 17 46 60 32 1 89 24 3 48 74 93 55 40 92 100 15 62 96 99 89 19 79
93 31 84 59 96 59 55 41 24 89 89 92 67 72 20 4 42 71 64 23 89 95 27 59 61 29 63 11 91 74 88 64 92 7 84 22 53 94 81 74 73 63
16 57 51 85 39 34 84 76 39 52 55 70 32 79 18 55 45 10 67 4 84 60 97 11 17 15 28 7 80 64 51 10 37 35 69 93 26 65 74 84 37 26 47 81 98 40 69 95 80 38 7 44 48 21 62 14 75 18 61 47 37 28 21
18 15 50 93 1 9 16 30 44 11 59 24 13 21 43 8 21 17 32 69 95 99 97 89 25 74 60 5 64 3 100 14 44 48 54 84 68 59 21 38 3 71 65 95 56 99 69 50 53 1 54 53 94 40 95 12 7 77 21 47 85 4 70 75 75 72 45 54 41 68 74 17 23 84 53 60 95 90 78 32 62 4 75 89
22 60 20
16 4 39 27 44 92 83 84 13 60 36 36 50 65 3 6 62 97 100 31 81 24 94 93 29 12 26 16 20 59 14 16 5 90 86 41 49 40 52 44 54 91 43 53 83 88 43 45 74 52 82 19 61 69 16 18 56 50 37 68 54 33 68 72 52 40 69 30 72 75 43 10 2 23 6 86 38 87 48 46 76 2 77 72 53 95 91 72 31 82 99 89 78 2 53 10 55 39
2 72 59 28 89 100 64 56 13 98 99 53 71 79 99 6 13 82 41 58 66 82 100 77 78 78 65 65 65 45 76 7 18 83 91 42 19 77 92 73 20 76 84 73 13 91 44 9 6 17 36 22 21 45 63 64 26 4 23 55 14 64 56 65 5 27 61 62 31 35 23 100 37 97 100 96 52 26 82 67 14 31 66 2 12 74 5 26 95 60 13 85 75 65 91 73 87 90 13 96
37 93 23 74 92 72 98 44 87 38 29 90 46 55 55 22 56 84 16 94 30 71 89 39 93 95 29 98 25 4 21 13 56 42 33 18 61 44 79 40 4 2 28 58 63 40 25 34 12 17 13 16 93 50 49 55 26 9 12 13 29 88 75 46 1 47 57 60 39 92 31 16 52 85 70 33 88 81 58 70
61 61 94 97 63 88 3 81 4 42 49 45 54 2 12 70 25
93 51 97 87 62 37 19 24 42 23 49 45 21 51 18 49 68 32 21 98 35 48 68 96 18 100 29 1 7 67 53 64 47 32 87 13 63 38 89 15 8 68 63 19 23 6 48 36 21 64 30 9 44 79 35 48 87 36 48 70 33 90 2 40 75 61 64 77 41 70
10 16 12 79 83 30 2 96 93 36 35 81 55 60 71 95 15 86 28 74 25 71 36 63 10 5 90 96 91 17 75 84 67 61 69 48 14 7 95 87 64 66 27
61 71 54 14 5 28 22 45 62 17 68 17 57 62 29 99 14 13 69 48 94 35 41 28 34 57 24 20 72 27 18 99 74 67 30 85 34 50 72 52 74 68 7 53 27 37 39 19 62 40 6 34 6 19 46 16
76 32 81 99 66 96 5 98 51 66 32 27 98 19 49 96 9 47 73 41 70 45 47 60 59 11 60 42 26 39 72 13 20 54 49
76 94 52 62 16 50 100 15 98 3 98 64 11 32 73 22
83 23 90 54 79 34 46 38 76 14 3 85 4 57 6 60 31 83 57 69 26 90 41 29 11 25 19 92 66 1 15 8 9 3 86 40 9 2 59 91 17 19 3 100
26 42 64 28 91 11 24 6 91 59 85 52 79 36 6 11 70 56 44 14 73 84 88 37 49 89 69 46 65 82 20 73 53 28 17
45 78 15 31 25 20 50 71 23 31 13 56 54 1 20 19 76 9 83
53 70 17 67 27 43 16 56 13 97 85 80 88 65 44 14 64 44 94 73 24 65 28 58 76 15 43 13 1 82 89 4 11 83 33 47 78 43 100 56 25 88 36 59 34 39 3 67 13 33 2 29 59 58 13 28 87 69 29 22 45 25 69 11 27 74 58 2 76 49 59 64 10 17 67 3 69 39 58 71 74 83 46 38 56 41 20 92
17 47 100 16 81 20 60 11 69 67 39 21 21 8
66 81 34 18 13 43 86 77 86 51 33 51 39 69 59 47 77 69 84 37 36 6 70 58 82 64 88 80 32 53 90 47 21 36
89 7 3 98 32 41 22 31 67 46 70 94 36 49 69 92 43 95 81 69 98 10 39 40 19 92 96 35 59 21 63 11 62 53 76 40 83 1 37 66 14 50 46 79 76 48 68 52 32 4 36 95 76 91 52 96 54 18 11 47 47 48 14
7 93 72 55 71 3 68 69 66 38 72 99 9 23 60 10 55 22 99 19 88 5 24 64
54 45 28 5 54 56 82 55 66 3 16 40 15 28 12 34 19 55 79 65 34 87 2 69 52 40 8 84 94 45 98 93 76 5 79 3 58 5 66 23 89 31 21 57 22 86 14 21 13 67 14 67 45 25 16 61 72 15 63 53 77 71
31 89 100 6 47 82 44 17 50 89 74 57 21 88 3 63 34 16 1 61 68 48 17 51 77 92 87 35 6 52 39 70 67 52 40 22 62 16 48 89 31 13 3 21 78 46 79 16 50 11 84 28 82 64 37 77 92 76 80 36 10 45 46 47 95 21 5 81 2 18 30 22 72 88 96 63 73 25 69 92 72 60 36 13 15 16
69 14 54 2 51 64 13 77 17 33 77 67 74 18
23 50 4 81 21 29 54 49 70 43 79 55 54 95 52 25 49 8 72 74 56 9 31 85 42 36 57 34 31 34 29 18
31 46 39 72 76 74 84 23 51 69 59 100 8 9 98 27 28 59 39 67 23 46 73 11 57 97 62 42 74 92 50 45 69 7 3 12 89 85 50 12 73 22 51 13 97 42 11 60 27 89 51 89 90 83 50 50 35 78 61 90 72 57 19 45
65 63
71 69 62 84 11 85 4 71 58 73 19 62 66 32 26 64 76 29 47 16 12 88 78 38 80 14 10 33 82 50 40 31 87 35 54 83 97 98 37 35 76 84 75 99 30 78 98 30 61 44 70
46 8 55 52 88 53 3 59 35 95 39 28 33 79 28 30 69 13 45 65 11 77 81 20 38 92 23 28 63 55 98 49 34 58 15 100 39 11 51 28 5 79 11 6 71 8 52 3 75 11 61 82 7 80 82 86 93 7 53 19 57 78 79 54 69 34 78 60 44 80 79 19 50 54 42 89 77 84 15
65 18 32 84 54 36 34 79 88 43 70
29 28 18 27 70 70 91 14 69 86 56 100 97 15 95 69 97 19 28 25 69 96 47 17 54 72 93 13 65 23 33 5 9 49 94 1 38 80 86 89 32 85 54 13 61 37 86 82 90 34 56 16 92 75 88 56 97 29 91 85 6 95 79 23 66 87 9
94 40 88 30 45
6 21 10 40 68 82 5 72 29 91 69 31 25 39 45 66 5 20 95 98 1 84 34 73 49 26 50 94 46 67 61 46 44 32 74 5 71 44 3 3 30 2 10 50 80 4 96 40 58 13 60 27 38 21 31 46 90 25 63 80 90 25 66 53 23 75 13 11 80 46 96 36 63 62 35 50 93 39 4 10 96 35 7 53 100 71 54
16 92
43 89 78 42 23 10 94 88 53 7 12 54 18 9 47 61 54 43 8 51 94 3 16 11 19 92 78 100 66 11 41 51 53 11 23 71 28 73 63 42 5 59 8 23 49 96 52 58 98 61 7 66 2 28 59 26 38 47 83 92 30 100 1 60 90 32 29 20 44 5 21 56 8 37 3 79 5 14 41 18 75 25 37 96 78 11 38 48 77 11 94 95
87 58 6 96 54 19 9 51 50 14 89 95 7 79 66 86 38 84 84 63 80 14 79 76 78 28 60 10 61 27 24 46 85 39 25 75 37 47 45 29 86 97 54 21 92 5 64 86 42 81 27 58 33 100 99 85 71 21 17 71 84 42 14 89 76 78 44 62 78 59 39
17 56 56 97 7 94 33 39 58 73 91 29 65 62 68 70 58 49 40 70 84 94 73 63 73 63 28 17 89 3 84 90 64 22 20 57 48 61 63 68 31 1 98 77 25 59 77 9 25 73 89 8 82 99 80 81 19 36 90 63 8 62 45 55 48
100 97 4 53 82 11 13 48 31 7 46 99 81 9 13 4 13 24 99 33 56 27 97 1 80 31 29
71 5 52 91 45 96 54 12 82 57 35 46 56 22 85 99 45 57 17 51 86 68 24 97 9 97 84 86 78 92 23 90 4 21 92 80 69 88 10 90 68 71 46 78 1 28 15 23 52 62 55 7 75 88 18 18 83 18 61 64 45 57 79 38 33 80 31 72 62 19 48 23 40 6 73
83 41 12 100 25 2 54 41 88 3 54 11 94 65 84 63 13 15 24
23 6 85 18 72 7 60 98 61 42 14 87 13 24 27 32 35 88 8 69 32 88 64 72 68 73 41 96 67 9 82 95 26 9 83 73 37 19 51
48 98 62 40 88 71 56 38 72 44 71 79 71 91 22 13 73 43
87 64 92 64 40 71 9 61 7 19 65 77 91 68 29 88 97 35 37 85 3 28 26 55 11 52 11 42 1 5 54 42 100 75 79 90 37 48 25 30 86 69 53 18 82 12 85 69 12 67 8 78 3 50 93 27 23 62 34 10 22 50 27 24 93 35 94 97
27 42
38 92 14 47 89 13 58 61 98 47 66 35 29 10 8 1 74 37 84 89 50 2 26 5 88 5 17 52 28 9 68 51 96 19 33
30 28 46 48 80 25 8 62 29 55 67 71 78 80 90 42 65 8 47 13 64 49 27 8 37 98 52 95 24 6 8 10 98 43 22 43 79 87 6 9 64 61 90 66 66 97 18 8 93 72 93 11 51 15 97 67 72 72 30 3 96 6 23 51 50 44 85 75 20 92 79 22 93 49 58 82 97 2 71 94 1 72 11 59 45 16 93 25 75 42 28 4 37 38 26
23 71 98 80 81 46 62 21 43 43 93 21 2 92 99 74
44 55 81 64 77 15 26 91 91 15 75 12 82 88 90 93 59 100 37 100 50 86 45 65 40 4 56 57 91 43 85 9 86 73 3 38 83 14 91 18 96 80 78 41 38 28 89 48 66 71 47 49 26 92
5 98 23 76 37 28 1 22 12 67 7 30 4 40 46 94 41 55 9 66 72 9 8 60 32 8 74 58 46 25 93 72 33 78 95 5 27 24 80 14 6 88 66 77 30 89 33 19 79 54 8 6 12 92 91 11 25 11 73 34 24 89 47 85 7 50 34 99 73 70 12 67 74 34 48 13 74 6 40 62 90 93 5 66 15 61 33 8 68 98 76
2 99 52 50
54 68 60
100 71 69 92 14 95 99 29 20 81 75 56 36 28 63 93 16 54 52 6 2 21 47 69 46 80 46 13 5 38 60 99 44 74 31 83 69 91 58 94 92 81 96 90 79 86 71 48 9 44 55 13 54 8 2 95 9 38 44 9 52 14 5 66 100 41 37 41 84 70 46 32 57 25 37 89 76 93 55 87 63 99 66 30 92 72 94 41
44 33 41 44 54 51 44 11 73 49 79 15 48 37 1 22 98 31 1 51 95 32 93 50 26
80 45 68 86 87 99 37 92 13 80 94 21 10 48 39 38 78 16 90 29 52 15 85 27 13 31 9 74 43 25 35 31 20 19 26 30 85 99 87 49 29 23 97 84 19 17 71 54 97 2 20 83 62 59 46 61 45 52 7 51 98 77 36 23 65 83 29
58 12 79 96 37 89 87 85 13 76 9 2 2 73 93 81 27 19 96 24 82 44 21 70 16
68 6 58 82 64 85 35 39 77 10 96 83 14 30 7 67 94 46 71 86 66 61 13 59 51 57 32 89 56 29 100 22 27 28 38 46 97 74 77 66 33 53 35 46 20 100 68 96 99 47 23
18 83 78 53 65 93 86 44 59 48 23 49 32 83 68 9 59 93 87 64 17 2 95 9 7 66 34 58 22 47 90 36 83 25 35 25 41 49 83 72 80 30 86 24 79 73 67 3 48 3 16 61 22 20 58 57 67 51 53 50 50 79 81 13 22 56 35 100 25 69 21 85 48 68 48 35 30 95 62 46 62 45 46 64 18
20 49 85 88 47 94 1 95 37 41 100 42 94 91 63 14 7 70 99 23 30 45 29 25 38 27 19 86 35 7 49 64 62 63 40 53 33 9 63 29 39 90 13 81 44 29 18 9 22 79 38 87 66 46 92 90 83 16 64 36
48 59 52 84 56 21 84 69 75 5 59 72 97 82 98 30 99 94 14 26 52 27 10 35 18 72 13 12 66 93 51 26 7 100 83 34 46 28 22 57 54 52 72 15 39 63 15 51 78 65 52 85 2 98 60 32 40 40 52 53 68 77 33 87 33 9 43 83 92 5 20 9 30 27 12 97 12 66 37 59 11 36 89 63 19 23
84 36 30 30 92 23 79 74 9 24 40 51 18 14 46 4 33 3 2 51 51 6 4 47 23 70 76
34 9 33 75 92 79 31 59 17 95 10 68 31 94 64 79 17 22 42 9 49 17 91 75 26 33 47 54 100 77 50 3 48 52 35 63 10 80 44 14 80 24 36 94 67 33 4 28 35 94 28 83 49 78 23 1 70 87 76 83 33 58 64 61 78 74 73 32 2 86 4
13 97 86 5 40 59 59 47 40 87 13 82 69 97 35 64 27 68 17 4 75 24 32 16 49 8 35 95 65 12 57 42 67 36 64 67 67 78 73 65 97 9 79 35 16 93 8 95 15 80 58 19 9 49 46 85
12 56 59 100 78 71 37 70 13 41 58 97 47 59 41 17 32 92 75 77 72 55 95 20 74 73 25 99 52 86 84 89 5 76 74 80 6 12 11 37 23 86 14 92 58 21 11 30 6 70 78 38 13 77 51 10 53 24 22 41 65 39
23 83 98 73 50 87 30 46 66 5 17 40 96 95 46 76 66 67 45 53 20 77 57 87 39 28 24 14 48 66 62 87 12 98 68 34 64 29 76 61 86 49 14 42 14 84 18 60 69 59 46 91 72 81 6 23 10 87 67 80 94 12 70 91 77 9 24 68 16 95 25 2 100 75 51 4 83 71 6 64 51 6 77 71 21 63 33 65 30 37 68 64 31 50 34 82 93
90 74 34 8 3 84 85 55 44 16 91 15 91 8 25 93 92
98 23 35 21 18 79
8 86 43 19 53 51 68 82 50 1 56 70 14 33 40 6 28 60 83 71 84 30 88 4 58 2 37 20 18 77 60 60 4 60 74 58 92 35 46 87 94 34 60 21 8 68 40 57 83 45 17 98 82 70 99 41 19 3 22 57 52 5 4 99 61 12 94 33 43 97 59 87 71 75 40 74 32 20 4 34 29
63 72 62 19 38 3 29 95 8 51 80 18 60 20 42 87 96 69 33 50 62 39 57 16 37 30 12 2 16 19 90 100 44 60 16 44 83 58 45 43 55 22 5 43 42 93 26 85 30 91 96 48 10 95 74 78 61 92 53 76 6 59 80 31 82 15 40 8 18 21 23
52 49 20 96 47 87 50 67 52 59 6 55 23 31 70 97 68 30 50 71 93 13 64 4 10 95 89 98 32 27 52 58 53 74 64 81 95 17 87 87 84 46 25 43 90 28 24 15 77 78 38 87 36 22 35 35 37 31
26 42 22 83 7 13 29 42 5 69 100 100 88 80 57 47 14 85 37 34 35 59 3 73 71 59 2 22 70 96 4 100 89 96 59 18 61 55 96 60 38 39 1 61 51 9 84 36 84 99 56 84 89 87 81 75 16 91
27 90 21 7 52 4 88 75 53 70 93 68 50 1 73 14 8 35 73 42 58 81 77 38
12 87 12 1 76 99 61 37 13 96 51 2 42 84 100 69 14 51 85 51 20 22 5 99 59 64 70 58 62 71 72 1 70 82 26 84 80 40 99 99 8 40 7 11 31 61 13 84 17 49 9 43 6 59 47 2 7 68 54 71 63 66 23 38 58 53 55 46 94 33 55 92 69 87 27 3 57 8 5 4 74 72 65 17 31 91 40 19 42 48 93
67 19 1 95 20 33 46 34 17 5 19 75 57 73 43 68 97 25 89 15 54 47 81 6 30 2 75 15 55 88 28 12 91 10 65 53 18 62 97 18 88 48 89 24 19 10 47 36 34 47 45 2 84 79 37 16 58 3 65 4
52 67 61 82 1 13 39 2 44 78 45 89 33 88 8 20 69 51 89 49 76 85 85 25 70 41 60 7 14 97 7 29 47 10 81 21 54 66 70 7 11 64 59 62 20 71 61 4 18 61 61 62 22 74 6 23 50 15 49 1
38 11 66 80 12 68 37 74 56 52 62 25 74 58 25 19 72 41 79 9 25 21 74 14 70 10 29
62
10 88 18 17 21 90 40 84 43 68 94 37 100 33 5 65 40 78 28 31 16 37 84 2 60 69 35 33 97 30 43 82 92 39 86 25 54 42 30 67 65 27 49 69 89 4 100 90 85 89 34 31 31 53 51 24 96 80 68 23 24 12 98 57 14 69 54 4 38 6 24 58 12 88 22 58 51 63 22 64 61 21 81 86 35 96
85 3 51 30 77 27 29 8 87 58 77 83 94 98 80 53 11 56 39 26 91 41 63 74 50 37 84 11
82 26 38 21 2 68 47 47 23 10 56 65 32 92 70 7 75 50 73 91 51 84 78 42 59 24 2 31 83 49 57 7 74 68 60 46 55 60 83 33 99 36 17 27 40 77 76 52 61 24 13 17 96 68 94 29 58 24 21 32 12 4 42
80 84 34 55 39 83 13 95 62 37 71 31 88 59 75 94 54 74 26 83 18 50 87 19 30 23 98 20 83 27 57 48 32 86 66 79 27 40 31 11 15 11 66 22 24 84 88
40 13 77 18 89 90 76 67 49 63 83 34 97 87 66 71 37 49 4 48 93 46 80 21 13 61 35 26 40 74 81 58 54 41 83 74 16 59 97 2 50 48 85 15 27 61 91 95 74 20 86 22 89 98 31 39 17 42 19 8 82 98 94 4 15
8 97 31 66 35 34 54 45 25 59 84 48 37 69 61 59 75 69 96 73 88 18 10 34 56 71 50 51 33 50 32 18 82 39 49 55 95 63 87 46 65 99 61 77 41 30 73 54 55 81 78 17 8 65 58 100 38 90 59 38 64 58 29 3 26 45 34 62
76 87 21 74 42 89 48 13 69 70 5 5 50 19 1 88 72 10 66 8 32 43 88 4 8 89 28 16 38 71 79 90 20 50 15 85 20 34 27 71 91 5 48 92 12 73 80 12 82 20 85 76 74 89 87 68 37 35 63 8 91 26 24 94 56 8 19 99 24 79 66 60 50 10 69 70 75 12 54 26 23 52 71 76 97 98 74 75 95 87 71 37
73 19 70 45 91 17 4 11 29 29 55 88 70 78 94 11 95 61 65 100 88 41 57 68 28 13 96 22 34 16 42 83 92 92 43 80 36
47 87 48 1 2 63 86 13 97 73 67 11 81 5 42 30 52 43 53 24 96 64 29 59 45 41 25 85 3 49 89 64 32 35 91 66 65 11 21 50 45 12 14 88 7 41 98 74 21 10 38 76 46 33 1 8 90 72 77 34 15 98 36 51 62 45 98 50 3 88 49 51 76
39 84 59 7
67 50 41 90 18 26 87 29 4 92 95 76 28 77 50 84 81 41 48
-41 78 -21 -53 -73 -4 -3 -22 7 11 99 23 -32 -24 -40 -96 97 -71 13 76 -7 -3 64 40 -80 65 15 42 6 -25 -35 4 67 84 -16 -100 13 23 35 -57 80 -53 83 30 46 -56 90 -28 -38 3 58 -79 14 66 -34 -45 -4 100 9 -67 -3 -62 15 -70 86 95 20 54 -85 23 14 -70 40 -59 -93 74 32 98 -63 -66 -83 -64 48 -75 83 -77 66 19 10 30 29 -84 37 -57 -55 -28 49 -40 -29 55
87 55 55 9 -12 85 -58 -89 87 -99 73 33 25 -81 16 95 -99 -9 2 -2 -4 6 41 66 -68 -37 8 -78 -72 48 -81 23 28 -41 86 -36 18 -65 -36 -6 -9 -16 -47 84 71 64 -66 -50 -45 -84 -9 21 60 -90 -35 70 86 -10 -75 -7 7 81 -83 -55 -54 -54 -39 -66 13 70 3 1 92 10 31 85 -100 -9 89 -30 54 -68 65 95 -70 61 12 40 14 42 41 26 69 -29 29 -8 17 -48 -50
37 -44 -50 -21 66 6 98 96 4 -4 -33 9 70 -37 8 65 -65 87 -25 89 -4 -99 0 -1 -94 60 -96 18 98 -39 10 -48 93 -23 -65 19 -76 46 13 -62 -46 -28 73 -85 -86 -54 -23 -24 55 86 -30 11 95 67 -77 77 -42 -49 -77 -71 -21 -66 17 -81 13 17 10 31 48 6 49 84 -73 39 -41 55 1 57 54 69 -82 -61 -19 -80 47 -76 -75 86 82 -35 -43 -22 -37 14 -10 42 -14 58
99 -33 -56 -77 12 -40 36 -28 -63 -2 -12 -100 18 53 95 68 35 14 19 -68 31 -64 78 -17 76 30 -29 -62 17 86 -41 -41 -67 -69 -69 8 -38 -51 65 -21 -54 -57 -76 23 91 -66 -1 19 26 29 -7 -78 -74 -94 -5 96 82 45 -3 73 -37 55 -71 -13 80 71 62 -67 25 -47 -91 -79 82 -39 75 71 36 -76 72 45 -80 10 -56 -38 -86 18 13 78 22 -46 98 98 -93 -4 94 -92 -49
56 -56 41 51 100 78 -52 -86 -78 89 -52 55 31 -88 -17 -27 13 24 72 -97 16 4 59 -19 -58 -54 57 -20 7 -1 -25 -75 44 23 -17 89 8 -14 100 -7 -20 -74 16 50 0 -44 -45 63 -24 94 81 -75 -23 4 -58 -27 -95 -25 -28 83 85 -30 -65 -67 -89 -69 -57 -9 -28 -29 -82 -16 38 -37 99 -19 -57 36 -27 -21 55 -62 -49 -29 -86 33 -92 -36 88 -38 97 -50 60 51 0 -47
60 -79 58 -41 -47 85 36 1 10 59 -20 -73 64 0 66 59 33 86 97 66 -56 -10 40 93 -52 -96 -92 -25 -97 -58 -45 8 -46 72 85 6 71 72 19 35 -78 40 -76 -37 63 -79 -45 29 48 -83 55 54 -43 37 -37 -89 97 75 -54 20 -10 96 -47 51 69 82 -91 -42 -91 33 -78 36 25 -66 1 34 -22 79 49 98 2 -42 -15 49 -17 0 81 -3 -75 -7 -78 -92 -61 27 36
78 9 -5 -25 -55 57 8 -72 45 40 40 -67 -74 -6 3 -9 23 99 -29 35 -42 -3 12 25 17 79 -33 9 -6 -11 99 -40 84 52 -36 20 84 -70 31 21 64 -46 -34 -86 91 94 71 -63 14 -79 -36 -62 -72 52 57 24 -4 71 49 19 -8 -34 -73 -44 -59 92 -99 -81 -52 20 44 32 68 70 -60 72 -57 -1 -56 -88 -57 -65 -56 1 -26 -26 14 -1 34 -99 11 -78 57 31
26 91 -75 94 86 -56 -24 79 -10 -16 24 24 80 32 73 21 -9 64 -93 56 -61 84 40 -45 -46 54 -7 -57 90 -14 49 -47 -41 70 61 99 -82 1 -71 72 4 -79 -39 -79 -72 47 -29 -36 -45 84 68 94 -38 80 -20 20 -25 -11 -46 -64 -48 -13 -46 -26 -41 -18 98 -46 2 -23 -49 -63 -79 71 -68 57 23 -18 -10 -84 82 -16 73 -34 -4 -43 -52 -62 -96 42 95 80 35
-25 24 -4 36 71 -70 -73 -59 33 55 22 -11 53 90 57 -59 -52 -98 -33 98 22 -56 90 -57 17 45 42 -33 94 1 -88 44 -99 99 66 -10 53 30 -83 39 41 88 92 -41 -33 -83 -100 -12 66 77 9 46 55 22 -9 -70 -22 -46 -21 83 -78 -4 89 -67 44 8 -65 41 -16 67 34 86 -98 24 -29 35 52 33 29 -96 80 -42 42 79 -63 -77 71 -71 70 -17 99 16
-38 47 90 47 77 60 96 -27 -43 89 -35 62 64 -66 -39 -28 -10 -31 50 60 42 -66 96 -100 41 28 3 -84 -76 45 -35 -37 -77 -69 -53 -79 0 -31 91 -38 64 68 -12 -76 -18 -38 -15 -6 -62 -95 -35 -78 75 78 14 84 -55 16 -91 29 -12 -38 -35 34 -52 -97 63 -91 6 31 30 71 3 -12 -80 31 78 0 8 18 -19 -56 1 57 38 -99 9 -16 29 -75 -12
59 -66 13 -2 -1 45 -17 26 71 20 84 17 26 -79 -65 -28 18 -84 -90 -69 -12 19 28 67 -59 67 -50 26 -98 66 -9 96 -99 82 -71 16 49 -72 -65 89 -60 94 -11 39 -73 -86 23 79 -17 -20 -46 21 69 -34 56 -20 37 -3 -66 14 -63 -12 -8 -8 -35 27 -66 -53 36 -94 -13 23 -90 -52 0 -10 34 -52 84 -22 66 33 -32 -66 -5 63 70 -99 73 69
-71 -90 88 -47 53 -84 32 84 10 -31 -8 -74 47 -8 49 -18 79 -13 12 -59 -83 89 37 60 71 52 3 20 50 -73 -42 15 -48 42 16 53 -28 89 -56 57 73 32 -58 70 -19 39 15 -2 63 97 89 66 52 11 -25 -70 -5 -1 -78 54 83 99 -39 -82 88 -87 0 -38 -96 73 64 -99 42 4 -52 -99 -95 -81 83 63 -87 -7 -30 81 -3 51 64 28 6
-48 73 6 46 -25 -69 0 12 -73 5 -82 -31 -6 -59 74 6 71 43 -61 -63 59 -56 66 59 -62 19 -53 48 -82 -39 -65 42 66 -55 61 -29 3 -17 13 -4 75 -98 -25 -94 -100 -27 -50 -3 -30 53 17 -53 83 87 54 27 -10 -94 75 -40 25 -62 66 -90 -54 -72 89 96 -2 -86 27 -39 -42 12 94 74 61 -61 -74 -74 -54 55 -29 -14 27 -80 71 -24
-25 68 -50 -85 -53 -35 -58 -83 -67 -4 58 -6 -20 -19 88 89 -66 -1 24 -38 41 74 33 -64 -90 77 -16 -4 -76 -53 -62 14 -47 95 -79 37 48 -48 94 81 91 -27 -49 -62 51 -1 69 -47 73 60 -85 17 -76 -81 70 -80 -12 -4 91 -12 -32 -58 -86 -71 86 -12 -15 -90 89 29 13 -46 90 -9 4 -82 -46 42 -47 15 -87 -38 12 -7 -33 72 -84
-84 8 -5 84 83 19 -15 0 10 0 -92 69 34 -80 43 -67 -37 40 13 3 23 -93 -85 -47 90 -25 -72 -32 85 7 -93 -64 -1 34 -22 81 40 12 -80 -21 -42 67 100 -13 -19 -19 88 1 -66 -65 -85 95 13 -33 -70 34 -23 -78 -51 73 70 -3 -12 99 -53 -37 75 87 65 67 -92 90 -37 -39 18 -90 -16 -92 98 8 -67 -69 0 -6 63 82
32 49 -82 -8 30 -57 55 90 -78 8 95 -13 -35 44 -81 -16 -93 -36 -64 -52 23 96 16 -58 -30 66 1 54 46 -73 -99 -2 -60 -83 -24 -78 -86 78 8 -92 -85 65 -91 37 -95 -97 -6 72 -26 -27 -30 -67 -35 -66 -7 72 75 -38 -23 15 60 3 72 -16 -21 7 -29 -13 13 -47 70 34 12 -1 -56 -41 -31 71 39 90 -26 23 -33 -11 21
-67 -81 -84 56 -12 25 -50 62 -82 -78 -24 -33 -62 -82 -54 -26 -34 10 -11 32 -49 -45 -91 26 26 -30 -25 -83 75 -62 68 47 20 24 8 -40 -46 -81 -74 -72 28 87 -74 67 -71 16 38 -81 14 -2 -30 63 71 -91 -23 -14 64 95 -83 -39 -84 5 -60 59 -19 -60 60 24 -28 8 -37 92 -98 18 -23 26 -42 -72 -68 24 100 79 32 -5
72 54 -38 91 43 -8 -59 17 86 -8 -72 -75 -72 -13 -44 52 71 -11 -36 -44 26 40 -70 75 24 55 68 -68 16 -19 -2 35 41 -95 -80 79 7 -45 47 1 24 0 10 -2 -23 41 13 -42 -54 21 52 8 -17 87 80 -71 -39 95 49 62 -1 -43 -65 -60 -11 -64 68 31 7 -74 85 19 -20 -41 -4 27 64 -55 -25 57 -47 76 -59
30 -24 3 -4 84 -48 84 -99 -86 1 -23 -66 44 -83 -51 -59 -51 52 -99 52 9 -89 -15 -51 -52 87 79 -68 41 -28 -68 -63 72 56 -5 16 -56 -44 -1 94 -52 -66 -96 -28 11 -92 21 -96 25 -15 24 80 -42 -43 -55 8 -37 -83 -20 82 -10 -48 8 -28 59 -94 1 28 -44 -76 -4 33 -55 -95 -98 -95 46 69 -39 18 14 -59
18 -86 27 85 87 -30 54 81 -76 76 95 31 -37 -37 -71 -60 69 -79 -55 -50 2 44 69 76 60 48 -21 79 -96 -56 81 86 -3 -83 -49 4 -32 64 54 60 -17 -62 86 -33 44 36 89 98 -38 -76 -81 59 -80 81 60 -40 49 3 52 -71 9 15 47 72 -20 -70 -61 43 43 -30 12 -19 12 -13 -71 55 -81 -80 42 -100 -49
6 66 13 -26 81 -5 -17 86 -55 -45 76 33 60 -12 -75 53 -98 64 42 42 77 82 28 -70 -40 -69 55 26 -6 -25 -16 74 -92 18 -50 -18 -80 -12 -20 60 -88 78 -30 41 -20 75 33 -43 -69 -85 -29 47 -39 74 -91 8 -4 -98 16 -73 -27 13 -6 -85 -6 -19 -13 -69 -29 38 -28 -44 -62 26 43 23 73 -17 38 -33
1 62 -34 19 76 36 -30 -87 -35 57 41 -43 19 -12 -27 94 98 -35 42 -16 88 82 -87 -52 52 -31 51 -34 -75 47 -19 74 5 78 -48 2 66 -61 -15 -28 75 -7 82 91 89 -10 -33 -45 -42 -46 -87 -65 -60 90 18 -99 -32 -7 -98 -61 63 50 55 58 -63 -83 -20 18 49 83 76 3 60 54 -13 91 10 78 94
-29 -94 29 -59 -75 70 -75 47 -14 -7 -69 -43 -58 -35 100 -34 34 9 -52 -27 -33 -66 4 -74 20 -77 16 -10 28 -17 -56 73 7 -35 -47 -14 -86 81 6 -66 5 47 66 82 23 -35 -65 -47 89 95 -19 47 -1 -36 -2 -93 -16 0 -43 87 22 53 18 -25 -100 65 16 3 -70 -63 79 66 69 59 -20 -15 -5 -97
-47 -61 -93 89 -38 98 37 -4 -67 -24 -48 -52 66 -2 64 -75 25 88 27 82 73 96 100 56 84 24 -25 29 21 84 -79 -11 89 -20 -66 32 -64 12 -90 -26 -2 -82 -29 38 66 31 72 -14 65 -84 73 -74 31 -98 84 72 84 -24 73 -62 0 -86 78 21 60 -94 86 65 3 23 77 83 0 -41 -6 -89 -2
-24 41 72 -14 -22 -10 -93 -96 -47 25 90 30 -36 26 -31 28 59 93 -92 -86 -25 48 -86 -12 10 57 81 -93 -92 64 20 -69 13 -93 28 -68 -30 -99 -41 -65 -100 -73 56 3 64 -13 -45 15 -47 17 -54 -55 29 18 -39 -58 -67 -28 -98 -62 19 -9 2 66 24 74 -40 -97 29 -89 -81 -65 6 75 -51 -19
28 -94 -77 61 -36 -5 -48 -25 47 -64 -28 -38 -91 51 -84 15 41 40 81 -86 82 72 43 -85 51 54 -95 13 69 39 67 -78 76 50 4 50 -21 -6 -86 -42 -90 -10 -27 49 -13 -13 66 49 8 14 31 55 -26 49 -31 -72 35 56 -43 68 50 -86 -27 -53 41 63 -48 39 -74 -34 35 -77 71 28 -61
-28 97 88 -45 -53 23 -100 -94 87 59 -72 -90 48 11 76 72 -47 89 -53 -82 -24 -14 -15 97 11 1 1 45 -55 -41 -83 64 -34 55 39 22 -95 48 33 20 32 40 -78 17 -53 49 6 93 -86 -91 -76 58 -57 30 3 31 -82 26 73 -81 54 11 -39 -46 -89 -52 -59 79 81 15 -86 -51 -90 17
-17 -50 -10 70 98 32 -8 -39 58 37 -34 -15 12 79 -94 -6 72 34 51 -18 -44 -60 -92 18 77 -39 -24 65 -59 -30 80 90 -4 68 4 79 -57 43 59 51 46 97 61 6 -40 -65 -30 -70 -34 -79 16 -78 -14 -80 -59 -46 -5 98 25 -64 -23 62 -73 1 -59 2 98 49 -1 64 -91 -92 9
10 31 -37 -42 -20 -11 -21 89 53 10 -5 17 -79 -45 28 47 17 -58 49 52 -35 20 -58 -55 -38 53 -44 44 78 -35 55 88 -88 14 22 42 -52 -75 -40 -49 -14 58 82 9 -56 60 -50 -8 34 1 68 -16 97 -62 62 -85 -68 -6 -50 -43 11 72 9 -14 -51 -60 13 -7 7 -66 -95 -14
54 -94 -10 -55 82 84 -100 -4 7 16 5 -98 84 -68 82 -65 32 43 92 99 -95 -71 -67 -11 85 -77 33 76 44 78 -86 -83 -30 -27 -66 90 -37 -99 -18 -75 -46 61 -89 -91 -39 33 94 -88 -54 97 -15 -34 74 -21 -81 80 -13 57 39 20 99 -72 69 -54 -85 -87 -66 -64 -23 34 90
97 -64 -19 -40 -48 -86 -91 -54 25 45 -25 36 -42 -42 76 89 81 73 -59 -89 -75 -22 -57 6 3 22 73 -76 59 -2 -38 -88 13 77 30 77 -41 -18 -72 -79 53 -29 -74 -4 10 94 -71 9 -22 53 12 -9 60 -79 -56 23 -67 -22 82 -66 -64 6 -80 23 -55 18 -44 95 17 52
-20 -90 29 -73 15 60 77 -25 100 53 -78 -25 65 68 42 24 78 -31 -19 99 -5 64 0 33 96 54 -72 60 -52 -84 -57 -25 -44 44 -41 71 39 -57 52 -66 52 -40 49 29 11 -44 98 -39 85 -69 24 89 85 81 20 92 -9 -21 49 2 -26 52 26 -97 -98 -8 -35 1 69
-12 86 4 -72 4 19 41 45 29 -96 -73 -2 82 -57 -37 7 -3 -98 84 -8 61 74 75 -18 -43 -95 -92 26 -8 41 -37 54 67 -39 -17 66 30 56 39 -96 -33 87 -44 33 -84 68 -38 -51 -12 -40 -34 29 77 -19 -59 -38 -77 -48 41 78 30 -40 -16 88 -28 -98 86 14
-98 87 63 45 34 -80 -36 -64 -14 -63 34 -31 -84 31 95 18 34 83 14 -100 11 -37 -85 -62 58 -73 99 -55 -62 -81 -53 -37 -97 -90 62 -67 84 -14 -50 -10 -87 -32 5 10 65 -33 -14 -4 -46 -32 -1 -88 -70 -74 87 89 -54 -29 73 -27 90 -31 -16 -62 -23 -93 -19
-42 -7 62 54 52 -48 -83 69 -81 7 -25 -51 -47 -46 48 53 70 95 2 99 40 4 65 63 82 47 37 72 -88 69 -28 66 -97 48 3 -2 79 -40 31 38 61 94 32 -91 29 -11 50 -99 67 63 -86 -87 -76 8 -45 -42 83 71 39 -88 -97 41 97 -72 75 -45
-31 10 61 -51 74 -87 79 -92 51 -82 -62 -27 -87 -4 -77 -24 13 -29 -38 -53 48 -12 73 32 -29 51 -1 19 80 5 6 70 71 49 44 -52 -33 -17 24 -56 -65 66 -72 34 40 -47 -1 -22 5 -26 -94 -5 75 -97 -78 66 84 -39 14 9 -84 80 -91 -1 -10
55 45 19 52 -76 -91 68 47 81 25 7 -5 -40 -69 34 69 -85 64 -15 -54 76 -14 -33 57 -56 80 -9 33 51 -5 -55 1 -75 13 -46 -43 -100 -30 59 19 -86 33 31 12 83 -5 -69 -3 -32 -71 -89 -44 93 -80 -53 -37 19 -88 -10 -71 85 53 56 17
-7 -96 -30 -2 -39 63 -32 -77 24 -91 98 53 14 -90 83 4 -70 -97 47 5 98 63 61 82 78 -65 -74 -43 -36 9 -92 28 52 53 19 -45 55 -62 40 -66 -15 10 -89 -72 48 -63 31 56 -3 -63 61 57 -49 -89 83 7 -89 -10 50 -7 -53 -58 29
-4 94 89 26 19 -12 77 9 85 -99 6 52 50 68 -49 -43 -19 17 -40 -21 33 25 22 -95 8 39 -70 92 -19 98 43 -80 40 24 46 62 -15 -87 -55 -44 7 -76 -70 7 -39 -98 -51 97 40 -29 -63 -35 -70 31 45 37 69 -20 81 -21 74 49
91 -91 -47 -1 52 7 -55 -72 -78 59 7 76 38 -18 34 -6 85 -88 19 94 -44 41 5 -78 92 46 11 12 -63 -35 -93 53 -53 -50 -69 -86 3 -97 -85 -67 -97 22 16 -1 32 -80 69 -79 -44 41 -68 24 -85 -47 83 61 -11 -61 93 -90 99
37 -28 -87 -49 23 62 29 69 13 80 76 14 -25 -24 7 -63 -21 -7 -24 41 14 -97 100 54 -92 -86 -33 -33 -4 -14 -28 -33 -74 96 -68 60 -32 81 68 -43 -20 6 4 34 -26 60 8 48 -63 40 97 27 67 1 33 25 6 83 -52 81
15 52 17 4 21 0 -5 -95 -16 -30 -1 -47 -57 24 -81 88 66 7 -28 66 -39 67 21 -99 97 -21 -37 27 78 -41 -45 29 -37 -23 62 69 -72 34 17 29 -74 44 -48 38 -48 84 12 -68 64 28 62 -29 89 -6 84 32 37 -52 74
93 18 -58 6 31 37 4 -9 61 71 34 -36 -83 52 100 -28 31 66 4 -70 3 65 -42 -47 71 10 -80 -62 -14 43 18 -64 -18 34 -30 -29 -90 49 -15 -17 70 -57 27 -100 39 -97 -9 -40 -87 53 84 26 27 32 1 13 -17 -73
35 59 -88 40 7 33 -77 -8 3 19 -88 -21 -83 1 33 -67 16 53 46 95 58 71 58 -58 -3 -65 -42 53 48 -97 -70 0 39 -44 -19 -62 91 63 70 5 50 -68 63 -36 41 -89 0 63 -63 -79 97 -29 70 90 90 -24 1
73 -87 80 -88 -39 -71 -52 61 84 4 -96 53 36 89 -92 -49 -40 65 -87 2 -58 -64 -44 -34 -23 -92 -43 -57 -78 -37 -93 93 -51 -55 -97 98 86 8 37 5 -67 -83 -13 -22 16 83 -70 -52 27 -46 99 -65 97 -48 67 41
-65 23 -11 -99 87 -61 59 -100 76 7 -81 -79 22 27 -32 66 -41 33 -13 15 -3 40 -60 42 -100 85 33 -98 6 -8 43 31 -28 71 52 -89 10 -50 52 -29 29 -22 -90 -67 -46 89 55 75 21 33 67 14 4 52 -56
-44 44 75 -34 23 34 12 57 -46 51 -7 6 25 -79 84 47 -39 53 90 -58 -33 -2 15 -86 -65 -77 -55 -21 -3 -77 60 -62 94 11 61 -3 -4 21 75 -1 -23 -84 50 -1 8 -22 -31 42 -17 52 -14 -68 -77 89
48 -99 -12 12 -89 -32 -29 -61 -94 -45 75 -13 -44 -23 51 64 99 -51 87 -16 -5 -65 65 -35 -39 76 -30 81 58 -81 -36 1 60 -65 -27 92 -80 34 69 -93 -86 -41 5 -5 -96 -2 -69 62 -83 28 -29 -68 -27
-38 35 49 -16 -40 39 79 -59 93 -14 81 94 51 -53 -70 86 75 49 -15 -91 67 58 35 38 89 91 -1 63 -83 -77 -43 -1 -51 -73 38 -36 -72 -32 -91 81 -12 -5 -24 -16 23 -76 92 -18 -96 -17 -62 -54
64 91 -2 40 82 -59 64 21 -13 -35 -90 16 -51 -17 -4 19 -99 22 26 58 -43 -94 84 36 72 -99 17 -31 -25 51 56 -48 -23 -84 -3 -20 -15 48 29 -86 21 -70 35 72 66 -3 23 95 -19 -67 -64
88 85 52 91 80 76 50 -22 -13 40 -22 58 -84 0 -2 -11 91 82 53 -100 -69 60 -37 20 -28 -41 45 31 -52 7 4 60 1 -98 43 -73 10 16 -60 49 -45 -66 45 16 27 -41 -29 -36 84 -31
61 70 85 -94 32 36 -63 -36 19 11 11 -86 -93 -100 49 -42 36 -81 66 39 -42 58 84 -73 32 91 -31 -19 85 -68 -24 -100 -50 -95 -50 -39 6 -66 -7 -87 -79 13 -81 63 -26 88 -73 -85 75
29 -54 -13 25 -50 -5 -19 51 70 81 58 -73 -93 -22 36 -39 9 78 20 -4 81 -65 35 -65 34 -57 8 94 -65 -12 92 -60 45 39 3 -15 26 86 -56 21 -48 -89 -62 -17 -66 -86 52 3
94 -21 47 -2 -27 24 78 59 -22 38 39 22 -2 81 53 -3 87 48 -22 4 75 36 79 46 -35 47 100 70 -90 -1 97 -20 9 -96 -75 -99 -10 98 -100 68 19 -70 50 41 -65 -17 95
30 30 33 -92 -44 -59 -61 -5 89 -49 -92 57 -17 -28 -56 -72 -31 27 -24 -48 84 -87 11 -61 -95 65 54 -55 -54 8 -34 11 -26 -14 -91 58 61 -29 66 73 -25 21 98 -78 -16 -36
-91 47 30 87 -10 84 -7 6 -82 -26 -27 -33 63 -22 -5 85 2 3 -14 80 -15 82 33 -84 -90 75 83 -36 71 16 49 -86 -74 -48 -6 67 93 74 97 -44 -56 31 62 -46 47
79 -44 11 -93 -8 84 53 84 63 -52 -61 -1 89 -59 7 7 69 -14 21 -23 2 24 44 46 14 88 86 86 -13 44 -70 75 11 87 -32 -73 -57 34 96 85 57 39 -77 -50
-80 42 -70 15 19 -28 -3 9 84 73 -87 -55 -92 -22 83 27 -60 -2 -83 63 -36 18 -17 -8 -32 -40 -56 66 69 -54 29 -65 -47 -65 71 -63 -97 -45 -23 2 -48 37 90
-4 -99 -76 -79 38 22 -55 -17 -54 99 22 2 -11 96 -59 7 -69 -29 -67 39 -43 -81 -71 62 54 -8 -2 -77 -48 95 -1 72 -9 -51 37 -67 85 -98 -62 -31 -82 56
-26 27 -66 -74 62 -71 -57 62 -60 97 27 -31 -99 -83 99 -55 -73 -86 99 -92 7 -84 87 2 -3 -82 42 -23 67 -56 -11 -77 -19 -58 83 24 80 -82 9 -57 49
50 -56 60 -68 -89 -22 -4 28 75 -12 39 6 -4 -4 -59 21 16 -10 50 46 58 -85 12 25 -61 57 2 -80 -95 -13 22 0 14 -44 -18 83 36 -100 24 -16
-14 -77 49 43 95 -8 9 -78 13 5 -59 -87 82 -76 64 -8 -71 5 58 -59 -27 96 -1 -10 -18 19 -8 -2 17 -86 -82 -100 18 -90 74 -86 35 7 -21
-56 42 40 46 68 -6 15 54 -82 -39 -23 -19 0 -40 62 -41 89 -24 73 39 -53 49 -67 77 -41 46 52 59 12 36 -21 -2 -82 -30 -46 -80 -28 -58
-95 -10 40 17 43 -6 -72 -59 -27 -63 -16 -85 -42 48 -38 -17 -18 -26 -14 60 -38 61 -70 -2 -22 -50 -34 23 -19 86 21 74 -27 -22 50 43 40
-27 -2 13 20 -5 -45 -35 -82 -12 -33 -12 12 36 49 61 -2 -82 63 78 -15 -77 59 -72 43 -52 18 -56 -100 -53 75 -51 -79 96 -88 -51 54
-96 40 -49 -97 65 -88 -44 34 -78 -1 67 54 -38 0 -34 -3 71 80 89 -56 36 -52 42 88 33 -12 19 16 5 -17 -28 -5 -37 66 -85
93 36 20 25 -37 -37 49 -32 -70 50 -63 26 -5 2 -37 -65 -88 -81 30 5 41 -24 -46 -64 -74 44 12 46 -72 28 91 38 55 -6
15 74 94 -51 -46 -55 -41 -44 -16 9 49 -89 77 -23 -45 27 51 34 24 69 -14 42 -18 63 -88 50 -41 -18 75 -33 30 -17 -33
94 73 -51 11 67 -85 -84 -15 6 39 83 -59 -91 -34 91 -89 -93 -15 -35 21 46 34 -65 98 23 34 -8 69 -63 65 -60 -49
-39 74 -9 -6 5 94 -82 37 -10 79 42 26 33 76 35 -79 -97 95 -29 4 17 -15 -60 -40 -84 74 -15 96 92 -92 30
52 -72 -63 -20 54 5 -59 32 -98 38 -57 51 9 13 10 -78 81 -80 56 -67 16 88 -94 70 -18 -22 -82 -95 66 85
-36 35 30 -57 94 -79 -78 -50 7 -63 -70 -58 90 -89 -65 4 52 74 67 -30 -76 79 -13 56 83 36 -57 -96 -6
-48 -45 30 95 -63 70 -79 -20 75 9 -26 20 97 95 -17 -96 -95 -20 -35 -73 -22 85 -7 85 48 67 -88 12
-57 8 -93 68 -27 3 -80 8 3 -84 19 -49 50 30 -99 -27 85 -97 -51 -9 -36 1 -52 82 -32 45 -48
-50 78 -96 -27 43 -89 95 -47 3 13 -100 -45 60 29 42 -50 35 31 0 -67 -86 51 -52 63 -32 -1
-59 70 86 90 38 -83 36 -20 69 -82 -76 26 -63 3 58 -34 10 -68 -77 80 -99 70 29 -4 -81
95 -95 -73 55 72 92 -42 -94 -42 -31 77 95 -34 -36 -13 -18 14 92 29 7 94 81 -96 22
20 -49 -63 90 44 61 -77 78 -54 -9 94 -80 74 75 95 -96 9 19 -22 80 -85 -55 8
28 59 -42 -74 -86 -48 -75 -49 -61 8 64 83 -34 -6 53 -78 -5 -11 86 -14 44 47
24 -80 -48 96 14 -62 70 -79 -5 -61 93 -14 18 77 -33 32 -86 72 -21 -65 -70
-95 25 67 16 42 -68 95 66 -20 -98 80 56 -17 78 86 17 -14 -83 80 -17
14 -22 36 -36 80 9 13 -66 21 32 36 1 98 16 -66 59 -15 9 -59
93 1 90 -48 98 5 15 3 40 -18 -13 -23 65 82 -88 79 -14 -95
88 31 87 41 60 75 -46 86 -70 -12 37 76 -2 -6 51 -95 -58
-40 -11 -16 43 -90 7 81 30 -18 6 51 29 -1 -92 -40 12
-8 34 75 40 92 25 -76 -100 -18 85 16 -1 -22 84 -75
-33 -29 91 91 62 -84 -74 8 -85 63 47 -55 -65 -85
-79 -38 47 -46 -75 -54 69 83 -17 -22 46 55 -27
65 12 50 55 18 16 61 -17 54 72 78 98
-6 -83 -24 -69 2 -46 70 67 44 17 35
34 -85 23 -67 -64 57 37 4 74 46
18 -61 4 -57 89 -48 27 70 -68
70 -62 43 7 -31 -36 38 -34
19 68 -88 21 65 47 -27
20 19 -85 -34 -54 -50
-50 92 65 -10 -2
57 -8 -23 -83
58 -19 -96
-28 8
93
