50
2 44 24 18 26 7 49 43 44 43 8 2 34 21 32 42 2 49 50 40 9 35 22 28 18 8 22 18 10 44 7 17 32 12 31 43 7 16 32 1 26 40 6 34 3 44 1 46 36 33
14 38
10 20 9 34 1 18 48 8 27 46 2 2 44 13 34 13 26 43 30 43 14 36 28 31 49 9 3 41 36 29 29 12 46 30 30 14 1 43 14 32 24 33 34 46
19 37 2 10 43 29 27 31 13 3 17 14 43 22 3 17 10 40 10 3 42 23 7 34
37 26 29 50 4 13 16 15 5 48 36 16 42 40 45 10 19 15
6 46 15 25 37 28 12 30 17 7 23 22 48 20 41 43 9 9 35 26 45 33 15 44 33 3
32 32 45 8 37 8 32
32 42 36 22 8 17 17 18 47 48 18 6 19 27 45 25 1 18 36 10 8 7 45 11 9 9 46 17 23 35 35 24 11 32 36 7 7 4 44 50 37 9 29 10 28 37 9 39 49
5 22 40 17 45 5 43 34 23 9 10 9 46 7 35 7 35 29 33 7 12 34 27 37 50 40 3 34 1 15 21 39 21 3 23 39 33 39 17 47 10 18 17
3 25 26 44 21 11 22 14 43 36 22 23 30 9 28 44 41 36 9 42 48 21 23 19 43 45 38 18 18 29 28 31 47 40 49 26 4 3 34 15 43 25 1 33
17 38 38 1 40 11 49 41 18 13 19 23 15 25 30 23 34 7 38 41 15 6 35 10 25 28 41 11 12 36 9 16 20 32 40 14 48 20 29 23 10 26 19
4 1 30 43 8 50 30 7
16 29
21 35 23 16 12 11 49 3 18 40 8 26 40 29 37 30 11 24 48 30 5 50 24 17 21 17 27 44 50 42 27 33 36 22
27 41 46 28 7 39 38 26 40 5 29 15 22 27 3 3 47 15 8 20 22
44 40 31 24 6 4 22 42 42 6 26 21 47 15 26 7 30 41 50 20 41 1 7 36 21 3 5 21 30 6 26 28
37 27 16 30 28 33 24 40 44 34 50 5 26 49 10 48 4 22 1 39 6 33 10 49 11 3 1 38 43 21 23 17 32 40 25 5 36 31 25 48 24 5
13 16
26 6 47 10 9 44 40 21 19 16 6 7 8 15 24 45 23 48 22 29 32 31 4 12 3 10 13 22 36 5 34 38 25 1 48 15 29 44 43 34 50 38 5 24 34 35 11 21 42
13 11 47 2 6 49 36 44 36 41 18 44 2 18 45 38 3 26 2 2 27 20 24 13 50 47 20 2 9 33 28 9 16 5 22 17 28 36 23 33 13 11 50 14 9 25 8 35 22 33
46 41 43 16 40 21 49 6 50 6 19 34 31 2 45 32 12 22 2 29 35 10 48 22 28 14 12 49 16 42 46 18 35 24 2 37 22 33 7 2
49 32 25 48 19 12 25 9 44
5 3 43 34 1 49 6 26 32 43 18 43 44 7 8 22 37 16 47 6 38 10 29 12 23 43 19 26 36 10 21 43 37 50 33
5 18 12 28 39 13 50 47 24 27 11 7 2 6 22 2 6 13 49 37 50 6
29 5 47 11 24 34 23 22 28 42 36 34 29 39 1 13 11 49 29 4 11 21 47 43 6 48 44 41
40 21 30 21 32 47 27 7 50 28 11 14 15 34 49 22 2 48
28 20 32 27 18 50 39 5
48 9 42 47 43 43 6 9 23 30 16 1 45 12 2 24 37 47 28 20 46 50
8 31 48 50 45 10 40 47 16 42 30 48 30 28 21 12 45 45
46 34 36 10 2 21 36 32 12 45
48 14 30 31 15 32 6 46 37 44 32 46 4 42 11 27 47 41 37 37 32 8 29 26 43 20 17 42 38 20 26 28 35 16 40 9 28 23 5 34 2 42 30 49
6 9 8 14 4 40 32
26 5 19 18 35 47 13 33 37 42 19 13 24 41 49 20 35
48 40 19 4 22 24 11 31 7 38 9 31 24 19 14 11 9 8 25 47 1 5 8 15 22 6 30 12 7 11 22 4
11 9 16 35 48 50 49 45 13 37 30 3
32 2 50 7 22 24 27 42 34 30 11 19 2 36 33 48 28 50 35 25 27 1 27 27 47 20 48 6 4 39 11
24 43 2 35 38 38 36 23 27 21 34 37 9 12 42 27 30 48 45 39 16 31 2 38 45 11 30 10 8 2 20 14 22 46 42 42 7 30 18 18 25 33 2
3 31 49 50 16 41 12
47 47 15 6 13 8 10 30 7 8 3 45 43 21 25 20
26 22 27 46 22 27 42 44 22 23 37 26 41 10 31 35 8 9 28 25 19 34 27 17 34 36 26 20 35 15 36 38
22
5 1 12 3 43 19 44 24 23 38 1 39 36 27 48 46 36 16 41 50 45 39 1 27 5 28
20 1 36 30 14 45 50 32 28 7 49 50 27 36 40 50 3 7 41 21 29 33 41 50 39 39 39 33 33 33 23 38 4 9 42 46 21 10 39 46
37 10 38 42 37 7
46 22 5 3 9 18 11 11 23 32 32 13 2 12 28 7 32 28 33 3 14 31 31 16 18 12 50 19 49 50 48 26 13 41
34 7 16
33 1 6 37 3 13 48 30 7 43 38 33 46 37 44 45 7 48 19 47 12 37 46 36 49 22 44 19 15 45 23 28 28 11 28 42 8 47 15 36 45 20 47 48
15
49 13 2 11 7 28 21 17 9 31 22 40 20 2 1 14 29 32 20 13 17 6 9 7 8 47 25 25 28 13 5 6 7 15 44 38 23 1 24 29 30 20 46 16 8 26
43 35 17 44 41 29 35 31 31 47 49 32 44 2 41 2 21 25 23 27 1 6 35 13 47 26 49 44 31 19 10 12 21 12 25 23
11 26 9 25 34 16 11 49 18 24 34 48 9 50 15 1 4 34 27 32 24 16 44 7 32 19 45 8 4 34 32 10 12
-45 -3 -15 -30 13 -21 -42 -7 28 -16 -3 36 -15 -3 19 -18 39 -49 -11 24 10 13 26 -10 19 -41 -35 -39 28 32 -21 -49 45 42 -15 -16 30 4 9 20 44 -36 35 -23 23 -26 20 -15 12 -41
-46 39 45 40 -34 24 33 16 10 18 -3 -37 50 -44 44 36 13 15 -24 10 20 3 -37 50 -46 -23 -29 -6 11 -34 17 -34 6 11 -22 48 -37 -38 18 -3 43 -16 -10 -23 -17 6 -27 -31 21
-24 -33 48 23 16 -21 34 -17 -1 21 1 23 17 -44 2 -24 -14 -12 -32 11 -11 -45 -17 -45 -32 -5 -35 25 -19 30 48 15 45 -46 47 0 15 -19 -24 47 -32 -2 45 -42 -4 22 -10 19
-6 -4 9 8 -40 9 -9 -25 -12 21 -38 -31 3 -2 25 43 1 11 -35 -1 49 -36 47 -48 47 13 -40 -19 22 -29 32 -28 39 3 28 -17 -5 -13 25 -37 -48 34 -47 6 -45 9 -20
32 6 18 -25 39 -10 -22 -40 -26 -32 41 15 -50 -36 -43 -42 -48 35 -11 -42 -49 8 40 -34 -32 -48 49 -25 -9 13 -23 40 -40 -27 -45 40 8 34 1 28 -15 -45 -40 19 5 -7
-37 22 33 37 -14 -2 38 18 -5 14 31 -31 22 2 -23 -34 -6 27 -36 -20 -26 -31 -1 20 -28 -20 -38 5 3 -50 -31 -32 25 -42 32 2 19 -34 16 -24 -8 -35 5 -38 46
34 29 37 14 -7 -37 13 -7 43 22 -27 14 -23 7 25 -36 -8 -38 -50 31 50 38 -47 -40 32 -18 -4 27 -8 49 5 -26 37 -15 8 -17 -12 -48 16 -38 -18 -49 -22 8
7 -38 -23 36 18 -22 -29 -6 -26 18 -40 -24 23 7 -49 25 -2 8 13 -41 -34 16 -48 18 -12 7 20 23 32 -5 -13 5 -10 -31 41 -34 -4 49 -35 30 -31 9 -40
18 16 -12 -30 -30 -43 15 30 -17 -33 -38 -8 35 26 35 0 -18 0 -12 18 8 -4 26 18 33 -14 -15 -45 19 7 31 13 37 50 29 -19 2 39 -4 -30 -15 38
-44 -48 47 -19 -10 -29 -20 16 -5 19 43 -15 -2 18 41 -8 44 30 18 47 -41 -12 -11 -32 41 45 -16 8 -30 12 -40 11 2 25 -11 32 -50 -14 15 -37 -1
-5 28 25 -3 17 1 -19 -47 -15 44 25 40 1 45 3 -33 -40 -4 -4 -3 -37 -44 42 21 4 20 -48 17 18 15 -13 21 48 -42 -28 9 -41 4 -29 48
-32 37 -46 -27 13 3 -6 -23 -46 3 5 31 4 15 -48 -35 -11 -36 -23 -39 -17 -32 4 28 14 -17 36 -49 18 1 -11 -43 33 43 -6 47 42 25 -46
28 -48 7 -46 15 -28 38 -20 -30 6 -29 35 -37 -30 -38 16 -37 16 -6 -26 -35 10 21 -36 12 2 26 20 -20 38 49 -45 -4 31 -7 -34 -1 38
23 6 -30 37 -48 12 -17 -35 -50 10 17 -3 -34 0 26 41 36 -16 -45 1 -12 19 16 1 -11 -29 11 -35 -3 38 -20 -38 -48 -30 27 -5 28
-35 -1 -40 50 33 -23 31 13 -14 26 41 25 29 -15 -41 -6 -5 -4 44 -30 -46 30 -49 -33 -21 -29 21 37 45 50 12 22 -26 18 41 21
9 -15 -38 -36 -35 18 -37 3 -49 0 13 -38 26 -34 -18 26 16 23 -33 -28 -1 -47 30 -30 -22 3 -2 19 -8 28 4 3 44 1 -26
-2 -43 21 23 5 -42 -20 34 -9 -15 6 -17 -20 -17 -22 -33 -20 -5 -12 21 25 23 33 -28 0 18 8 49 -43 -42 47 -24 -23 8
-12 16 -28 -5 22 -40 6 46 11 -9 23 41 -1 -6 18 -44 -48 -39 38 34 -1 -39 22 -29 0 -38 46 -9 -40 9 -24 38 0
38 39 32 -1 -1 -16 27 10 39 21 6 -32 -6 14 12 20 18 11 33 -40 34 -47 20 7 22 -32 11 15 -19 -25 13 25
-22 -4 -35 -39 37 27 50 -13 29 -37 -41 -18 31 -1 -11 -20 36 -16 3 32 46 47 -14 -16 25 33 24 50 48 -21 27
47 -21 10 -7 19 -5 -43 4 1 37 2 -48 8 -16 44 -12 -23 -18 28 -23 -21 18 -38 -6 14 -40 26 30 -31 -13
41 -28 -23 12 4 47 -2 -17 7 -36 49 -12 -40 0 -23 -46 28 -40 -45 20 -43 1 -48 24 -40 10 31 -44 50
29 31 35 42 -44 2 -32 6 27 28 3 18 -17 27 9 -7 29 28 -32 -1 3 -9 38 26 33 -36 14 -33
-19 33 3 -15 -17 28 37 -8 19 -22 -23 -33 -24 19 19 40 -37 18 35 5 49 46 -36 44 18 46 -32
-23 -26 18 45 -4 -34 3 21 42 -38 14 -28 -18 -46 -42 -2 43 -50 -13 29 35 38 -19 34 3 -38
10 -14 35 31 39 -17 5 -35 41 24 37 5 46 -22 40 34 -45 44 28 -28 15 36 -42 43 -11
37 -21 -6 -45 -30 -41 -11 17 31 -46 21 -22 40 18 -20 -26 -12 -6 15 -46 -31 44 47 -50
33 -17 22 -2 -25 -1 43 -5 16 10 -5 -7 -19 23 -46 20 -7 -48 -48 -21 -49 -41 -1
29 -47 45 -11 7 -38 9 -24 -13 -30 -20 -5 39 -26 12 29 39 -26 15 2 -28 24
-38 -40 29 -5 45 -15 12 11 -16 -1 42 -12 -47 -41 45 -16 -44 2 49 20 3
-35 41 -8 38 27 -9 -28 -41 43 37 2 -44 -39 3 -33 -42 -4 10 3 -8
-43 0 43 -48 -35 -40 -32 41 27 49 15 -40 -10 0 2 -40 -28 20 -23
22 12 -9 -46 8 -43 -28 -2 45 1 7 47 10 -44 15 -49 -23 8
-25 -13 -4 32 41 -21 49 -50 9 50 39 -19 -22 -31 -7 -46 -30
5 -43 -14 -48 28 -46 -37 -10 -33 24 -26 -14 45 27 -40 -13
-3 26 -40 43 44 36 7 -45 45 3 -32 -42 0 -1 -37
38 44 -44 28 15 35 -13 33 33 12 29 -37 28 25
27 -23 9 -41 10 -24 -27 -5 50 34 -12 -26 24
-14 -4 -6 -22 35 46 3 -30 41 -46 13 35
-9 30 -24 7 -18 49 48 34 20 -30 -34
20 33 -9 -37 38 25 27 50 -7 11
27 8 -12 -34 5 5 46 -44 43
-18 -12 7 22 50 40 -22 14
11 17 19 7 -2 -11 19
33 43 22 12 22 12
-23 -34 38 -48 33
39 13 -29 -31
6 -3 10
12 17
-20
