100
82 15 4 95 36 32 29 18 95 14 87 95 70 12 76 55 5 4 12 28 30 65 78 4 72 26 92 84 90 70 54 29 58 76 36 1 98 21 90 55 44 36 20 28 98 44 14 12 49 13 46 45 78 34 6 94 59 69 16 49 11 71 38 81 80 47 74 25 91 9 6 85 30 99 38 11 30 13 49 36 59 82 47 21 48 46 27 86 35 90 88 83 10 78 82 22 69 94 32 21
60 49 35 82 89 72 29 88 42 99 100 8 30 5 41 52 35 9 28 73 92 41 28 84 64 51 83 59 19 34 18 32 96 72 69 34 96 75 55 75 52 47 29 18 66 64 12 97 7 15 20 81 21 88 55 77 9 50 49 77 60 68 33 71 2 88 93 15 88 69 97 35 99 83 44 15 38 56 21 59 1 93
93 34 65 98 23 65 14 81 39 82 65 78 26 20 48
98 21 70 100
68 1 77 42 63 3 15 47 40 31 8 31 73 11 11 94 63 9 98 69 99 17 17 85 61 71 22 34 68 78 55 28 70 97 94 89 26 92 40 52 86 84 48 57 67 58 16 32 29 9 44 3 76 71 30 76 29 1 10 91 81 8 30 9 5 43 10 66 31 36 86 63 28 70 17 93 74 74 61 32 61 53 25 13 13 85 56 46 55 53 60 94 7 87 84
83 13 8 52 94 44 14 32 25 25 69 58 18 55 24 36 60 32 10 57 71 13 7 84 70 2 12 97 31 22 53 63 62 28 52 8
22 49 1 50 34 59 37 55 90 94 72 85 92 63 20 25 38 28 8 75 95 70 8 96 41 8 7 75 62 65 68 21
8 66 11 24 9 77 9 87 31 52 16 73 32 75 77 6 80 11 54 85 75 73 67 41 34 27 86 92 41
31 34 51 17 86 83 39 59 41 97 10 2 59 80 73 13 10 69
28 65 34 17 45 9 32 48 37 21 57 70 91 39 79 84 68 2 86 71 39 85 14 18 34 15 14 96 71 20 35 37 78 27 92 44 27 88 82 34 65 63 33 7 12 82 55 36 6 1 43 99 17 82 34 21 95 57 71 91 55 72 2 15 10 89 20 70 5 48 75 71 19 56 17 6 40 47 6 46 27 88 32 86 14 46 100 72 53 80 96 20 31 21 23
53 4 23 95 43 53 86 95 32 35 21 90 14 49
5 61 29 26 59 45 40 30 29 4 85 25 52 43 36 9 99 36 45 83 66 52 87 69 43 4 15 34 23 75 34 5 14 77 56 45 94 41 56 78 66 15 50 74 25 33 6 91 56 1 67 69 88 93 95 95 86 26 47 56 9 86 43 80 41 85 16 93 39 65 40 86 53 42 52 90 38 71 17 25 54 86 49 87 96 23 79
73 39 52 71 1 39 37 27 56 75 78 84 42 60 57 57 87 28 66 61 95 22 85 11 37 66 85 82 80 43 12 97 31 87 40 29 26 19 4 6 32 61 79 99 10 59 54 81 74 25 92 90 50 64 52 32 19 84 89 1 97 99 14 100 55 29 23 90 67 60 7 72 32 16 59 18 60 86 68 72 77 41 97 57 79 93 65 55 71 58 21 96 61 58 34
97 32 82 36 99 100 67 63 81 31 36 57 10 92 37 31 35 43 41 70 11 18 20 30 50 89 20 91 28 9 54 53 43 70 60 54 8 27 54 50 99 75 90 3 98 74 49 62 1 46 39 97 50 54 69 96 95 70 78 29 63 29 35 56 63 4 50 44 86 87
52 93 22 60 17 80 69 4 51 76 73 85
4 11 83 55 18 60 24 7 34 49 42 28 59 42 44 98 49 36 97 54 33 11 61 3 96 70 7 45 29 84 9 100 84 6 97 4 32 26 3 80 20 31 17 61 86 15 73 28 60 90 33 99 48 22 78 78 96 92 15 100 21 40 14 75 4 40 74 87 49 51 92 26 10 76 89 81
32 14 90 99 39 88 77 16 73 6 45 69 55 85 48 9 65 83 44 2 54 63 14 56 47 82 59 91 20 56 23 94 67 84 35 79 69 100 62 60 56 94 76 35 42 32 12 36 58 32 97 60 73 79 86
49 44 4 64 42
24 63 28 46
34 44 36 77 90 36 72 2 67 25 11 31
93 53 63 72 98 31 89 61 83 92 63 58 3 12 38 29 52 89 32 40 85 75 48 61 71 68 45 55
96 71 43 46 90 59 35 40 33 30 16 93 25 41 16 96 69 98 89 24 25 28 95 62 36 93 76 98 68 77
37 13 25 38 30 47 23 39 2 91 69 17 36 6 7 71 38 90 17 82 97 63 14 2 74 37 61 62 57 44 24 7 33 62 15 9 52 63 10 74 81 88 7 20 20 73 39 11 32 16 72 98 54 78 77 80 29 100 67 49 58 57 39 76 55
40 73 80 8 79 95 13 98 27 81 28 34 85 11 21 31 23 71 10 21 1 53 58 89 77 61 38 5 30 37 91 37 90 59 10 88 30 34 81 76 85 26 55 15 70 29 83 20 35 19 10 8 22 40 77 96 73 37 57 16 60 89 39 90 52 35 65 70 64 57 11 77 6 56 95 42 78 33
4 12 30 87
74 76 3 98 87 35 74 6 98 97 23 61 67 84 57 36 24 75 56 82 63 12 61 45 53 43 42 86 14 21 43 53 89 64 37 85 52 98 71 5 59 12 41 33 42 15 99 52 66 1 85 70 60 53 7 25 67 47 80 97 64 81 57 98 7 27 35 71 17 37 57 90
63 16 4 81 78 31 91 21 40 71 2 71 53 12 29 15 60 16 83 20 64 92 38 66 91 35
54 62 61 32 59 71 19 50 25 77 66 96 18 9 36 99 54 44 65 35 1 37 93 39 76 75 85 63 20 58 69 62 45 43 71 98 70 49 59 42 25 90 31 74 50 30 100 53 6 41 96 61 91 49 50 85 84 20 64 5 17 65 76 43 13 57 13 68 59 2 93 19 53 84 20 10 61 34 44 80 89 51 84 11 43 87 69 49 41 81 92 98
63 70 5 80 9 31 81 88 37 30 96 12 56 13 98 82 91 13 57 22 89 39 4 6 42 8 38 46 48 56 19 32 68 53 73 88 24 22 23 11 79 49 80 88 31 64 75 19 30 60 82 33 59 33 86 2 60 37 87 70 21 10 57 45 76 39 82 55 89 33 59 39 26 50 62 14 31 49 74 46 74 38 90 38
3 85 51 36 2 73 88 100 96 7 78 96 64 37 100 30 78 46 29 82 25 80 33 87 97 93 99 85 88 18 81 13 81 83 6 40 57 5 75 47 94 17 12 38 42 96 54 23 26 17 70 47 68 65 35 22 33 62 38 96 44 15 60 10 19 97 29 87 93 87 51 72 47 12 51 2 34 69 16 59 48 87 96 87 34 75 49 82 48 14
87 30 61 4 80 72 42 79 29 83 9 82 60 90 39 84 53 15 18 6 5 39 64 15 13 31 69 18 50 59 48 86 96 90 70 54 76 96 94 20 54 84 13 63 79 53 36 5 89 48 28 57 57 31 47 13 88 48 70 83 46 8 51 36 25 16 59 12 85 28
83 82 77 3 7 43 32 17 73 27 9 98 71 27 76 28 30 43 100 19 77 1 36 19 17 70 33 23 15 85 4 17 2 46 31 76 42 3 23 34 7 17 95 54 68 15 96 9 61 58 100 47 66 76
14 58 65 29 79 6 94 85 67 39 59 83 4 8 62 52 55 88 14 63 92 57 10 11 42 78 19 9 17
36 80 82 75 71 92 42 49 77 68 38 59 65 78 56 13 90 15 84 84 99 71 93 28 56 58 30 53 44 59 52 54 94 13 41 55 41 86 33 48 20 88 61 9 12 11 12 56 13 96 95 48 17 72 8 76 72 72
43 86 16 53 46 86 97 55 93 7 37 77 40 46 14 74 65 28 20 85 62 29 14 45 72 48 15 98 36 74 29 55 72 99 80 79 87 83 72 4 78 85 89 35 4 24 35 90 98 40 44 45 1 24 19 73 85 52 9 19 95 82 4 12 96 68 28 49 54 59 44 21 48 40 93 42
100 73 77 11 7 20 21 97 80 7 87 11 35 57 85 55 63 78 57 54 35 28 97 66 15 45 56 15 37 87 87 76 63 68 86 40
6
29 51 77 8 1 27 39 28 99 18 98 33 38 42 16 1 64 96 56 23 17 49 69 91 30 65 72 86 46 10 51 95 6 56 3 59 10 41 74 55 74 52 91 82 54 38 15 52 3 42 22 80 59 89 47 12 56 14 32 56 76 52 68 11 51 40 96 44 29 43 100 22 10 66 82 15 68 66 25 100 45 45 94 83 19 31 14 19 33 26 23 78 20 98 98 84 10 23
99 81 64 60 97 73 98 75 58 88 73 83 82 80 42 81 41 20 57 9 61
57 81 39 36 76 8 46 65 10 40 60 58 5 8 48 37 10 83 12 79 77 65 50 60 75 71 95 6 58 74 84 25 42 78 61 65 20 8 58 14 44 92 11 65 83 23 6 32 91 57 57 68 67 79 21 47 48 37 50 53 100 44 87 77 7 81 83 43 9 43 13 72 87 50 37 33 93 85 78 20 43 11 75 85 19 45 40 84 90 85
51 17 77 91 11 40 72 49 83 43 17 86 90 95 88 68 12 83 86 55 66 47 3 47 40 24 28 44 99 63 25 29 18 20 10 38 13 65 99 70 95 68 5 85 44 99 80 17 77 49 20 21 24 89 99
80 22 93 57 6 53 47 87 93 31 57 79 37 97 96 58 30 69 31 40 61 25 48 87 74 57 60 99 37 100 49 65 68 54 21 26 78 18 33 7 83 62 48 71
14 92 67 16 37 11 98 21 35 58 66 19 56 12 29 58 45 4 54 7 51 65 48 31 50 11 48 29 4 41 13 92 84 43 19 18
5 37 61 90 18 98 91 61 58 79 1 11 3 33 28 20 71 94 78 68
55 15 100 37 31 39 16 7 31 54 82 80 59 9 15 64 77 69 3 81 66 74 31 92 19 38 55 1
79 46 31 74 54 24 86 86 11 68 47 9 68 70 65 65 71 3 50 61 6 82 50 48 33 96 3 46 9 45 31 94 85 81 14 99 75 95 97 43 18 6 46 70 44 83 23 100 88 60 90 62 81 24 18 9 92 100 59 5 38 26 6 26 6 41 40 66 51 70 61 33 5 97 83 25 37 46 100 7 84 43 35 16 48 56 52 96 57 50 44 24 64 89 64 48 67 35
11 94 55 11 56 78 24 70 38 42 14 11 42 85 38 40 58 78 92 55 22 89 57 45 58 6 94 46 79 56 36 82 8 10 86 82 52 47 66 96 87 21 4 19
78 87 57 5 17 9 31 100 83 47 47 50 73 5
78 20 87 58 48 48 57 98 10 74 18 68
47 51 41 84 36 32 15 4 95 24 64 67 50 72 16 34 100 34 91 58 28 79 37 89 63 26 16 18 10 58 23 92 57 12 88 41 86 45 91 9 71 70 38 39 21 92 91 90 82
23 47 66 29 16 26 18 31 64 4 47 71 74
48 60 71 17 79 12 9 40 51 92 93 62 68 53 99 53 74 10 17 41 83 10 58 60 88 67 45 17 100 71 82 76 24 99 17 56 65 8 16 67 20 39 22 21 42 91
29 45 67 37 11 33 26 82 71 36 17 81 39 79 69 12 65 83 22 76 75 20 22 85 80 93 78 44 73 6 4 11 6 83 99 74 34 84 27 99 74 54 80 82 4
64 81 70 38 83 39 62 32 88 52 39 59 10 89 8 21 57 54 62 60 27 44 78 19 41 92 41 94 45 52 17 98 48 66 72 14 41 31 60 16 35 58 32 19 13 7 38 50 79 54 32 21 42 74 93 41 25 98 21 64 66 60 64 40 64 3 12 51 65 59 31 28 75 46 7 7 37 64
77 84 87 61 37 69 2 14 56 18 34 94 47 98 52 47 6 52 7 73 72 25 47 71 37 10 50 65 58 98 71 36 80 88
79 16 17 13 51 48
44 72 47 97 19 26 78 66 52 65 6 6 5 18 92 43 61 67 59 20 78 66 18 42 79 41 21 51 79 95 39 76 44 65 66 69 63 91 73 39 61 3 48 43 87 15 54 75 40 93 89 81 4 77 61 34 84 100 75 74 30 93 7 75 62 22 68 81 93 80 100 49 19 88 32 5 74 90 15 25 3 57 41 54 20 53 89 27 53 65 100 79 61 95
94 8 91 18 67 27 72 42 85 62 68 49 41 23 59 69 44 70 46 87 99 93 88 83 89 34 79 62 25 32 36 72 39 29 39 99 37 91 27 89 91 63 41 62 45 72 93 36 37 16 74 87 70 49 51 45 99 19 38
6 37 92 11 45 57 84 33 96 62 28 26 69 35 72 90 35 18 14 79 95 76 31 32 7 86 68 29 82 30 7 13 53 43 92 61 13 88 99 18 1 71 21 53 84 61 62 84 26 97 37 42 37 83 8 99 12 84 74 30 69 95 93 5 23 54 23 5 51
64 24 96 38 5 2 39 73 78 14 43 37 59 83 70 68
64 18 65 60 35 25 15 43 21 94 59 83 33 92 24 2 95 44 38 73 87 97 25 23 79 82 52 55 66 42 12 52 86 13 24 18 62 42 32 1 34 50 31 58 97 35 43 39 75
93 74 2 34 84 47 89 31 8 86 16
60 40 21 52 88 65 91 99 40 89 16 82 38 48 79 29 29 18 62 20 59 96 78 48 54 90 71 61 97 69 86 28 98 32 88 97 77 11 68 58 68 91 47 10 73 15 8 71 65 26 74 69 20 22 42 67 57 15 88 27 92 75 63 12 66 58 8 59 17 66 54
59 73 8 72 60 87 40 93 3 51 33 1 96 28 75 10 6 55 45 90 9 70 8 9 61 5 37 53 24 99 18 99 83 94 83 54 48 49
58 49 49 11 88 85 70 18 84 45 16 23 69 51 68 17 94 29 1 97 3 39 60 87 93 70 55 69 49 30 32 59 45 20 36 25 93 98 15 5 85 54 79 99 3 31 27 9 13 77 5 58 77 87 91 7 32 95 6 52 57 30 70 28 97 100 8 18 65 38 30 94 74 41 74 77 99 87 42 31 39
19 85 67 29 53 39 36 8 72 76 95 23 81 87 55 72 64 7 45 83 86 49 68 41 90 54 53 20 39 49 24 97 69 61 31 29 39 91 19 60 8 72 53 54 72 68 18 50 32 33 27 43 83 11 58 48 12 69 93 25 7 35 49 87 78 78 6 10 25 98 76 93 86 72 28 62 27 43 39 2
28 25 95 16 96 97 62 32 90 78 91 27 51 31 71 42 100 37 49 60 69 84 46 40 34 47 66 64 60 13 93 61 98 41 27 48 41 53 6 73 29 95 19 3 34 71 75
75 93 54 38 20 26 43 30 49 73 32 64 71 84 88 44 33 98 63 93 83 95 63 59 22 94 46 22 18 93 70 63 24 70 83 8 68 5 10 86 7 98 1 53 18 81 30 9 91 20 2 28 65 59 48 8 80 82 86 79 62 85 63 3 1 69 71 53 2 3 68 93 36 69
37 3 65 90 87 56 23 14 13 68 20 31 25 80 68 33 46 35 51 11 48 52 59 73 32
90 29 39 88 11 84 84 98 5 12 52 49 49 71 61 8 82 2 90 22 11 64 56 83 43 73 13 68 6 30 28 89 73 61 35 6 10 88 36 70 73 85 5 23 41 3 27 76 19 97 92 51 10 39 21 73 31 73 50 87 70 43 50 97 95 18 89 93 11 65 96 45 7 13 56 30 10 44 78 99 79 77 51 100 42 4 82 35 58 63 30
46 71 49 56 24 88 75 85 49
11 99 80 38 32 92
10 11 35 20 49 92 82 20 95 50 41 47 14 12 1 40 57 47 98 35 14 17 12 24 56 58 72 72 66 53 14 4 12 46 71 12 77 77 42 50 2 38 53 50 100 11 93 72 32 74 67 22 88 49 22 18 35 39 35 64 19 9 22 56 36 54 39 62 10 47 33 32 93 81 64 77 79 26 59 14 18 39 1 51 43
80 49 43 57 43 56 84 77 18 39 42 78 89 26 62 41 23 51 41 38 95 89 82 63 74 32 42 49 36 51
47 15 73 26 76 70 24 88 99 71 4 94 60 91 27 57 38 89 9 53 87 64 18 82 39 31 33 85 20 92 55 49 10 58 77 62 75 52 69 65 89 54 70 5 47 90 69 77 82 11 14 99 32 85 86 46 22 83 79 6 73 83 87 83 52 97 43 56 14 2 13 34 29 66 96 67 72 75 89 74 29 58 48 51 60 99 87 76 89 65 20 45 4 62 14 38 54 11 15
94 19 45 40 44 59 27 67 62 45 61 13 57 93 90 58 41 9 39 6 91 15 3 44 83 14 87 22 95 32 67 23 71 21 43 72 55 60
30 52 81 24 24 82 85 56 51 4 95
79 26 58 76 55 50 1 91 28 27 36 97 91 9 74 14 69 24 47 42 26 59 15 34 86 63 68 82 41 77
50 79 51 76 15 45 46 59 80 23 87 91 39
79 76 11 87 18 41 16 31 40 15 24 48 89 19 66 50 54 77 18 74 50 55 24 63 82 69 89 83 23 72 22 63 37 18 24 41 58 80 7 46 2 63 18 25 50 72 65 84 64
53 88 63 54 91 57 63 22 11 73 4 98 29 38 5 36 29 69 37 22 100 59 73 96 99 99 64 71 66 15 74 15 35 100 70 47
70 97 6 98 93 57 70 28 55 14 95 84 97 32 39 5 58 34 45 12 57 16 100 31 27 95 76 89 45 91 79 81 55 22 79 18 27 27 8 73 45 69 36 77 69 22 42 91 38 38 74 35 66 87 13 18 97 53 8
36 84 17 90 17 32 19 92 42 32 98 87 51 63 19 74 81 35 81 54 49 58 10 82 99 12 52 66 96 36 89 48 59 63 42 75 1 100 94 12 94 59 82 86 90 46 9 69 51 28 55 28 64 35 42 37 44 71 74 17 73 63 44 88 98 7 6 13 81 59 3 16 21 57 59 1 55 26 89 17 84 39
21 36 12 84 47 33 11 48 86 84 22 7 51 81 40 93 90 97 30 55 84 12 91 13 1 28 62 10 17 76 29 67 88 57 2 2 90 44 16 55 89 17 62 10 30 50 12
94 14 14 41 48 39 18 49 100 97 18 83 87 19 9 68 73 2 79 84 22
57 45 93 28 81 96 20 53 79 88 57 28 12 13 18 97 16 76 94 50 45 55 41 18 32 36 83 11 32 71 77 77 93 78 37 100 89 4 85 39 27 67 78 66 25 96 51 38
83 7 31 64 50 15 31 64 82 77 10 68 2 47 41 17 50 73 54 47 70 88 23 98 61 99 10 3 76 9 2 34 28 6 8 51 65 37 81 92 65 99 54 55 90 52
11 82 69 69 79 20 36 11 40 11 66 27 20 69 42 51 76 82 98 84 88 83 9 40 90 56 94
31 8 32 12 56 15 59 79 78 8 40 86 95 85 95 23 16 2 91 18 90 2 21 64 45 67 67 93 34 22 48 17 96 100 35 94 16 99 4 43 55 35 68 9 34 92 74 81 10 64 59 66 47 8 64 73 22 48 21 33 99 14 74 87 93 15 30 95 66 1 6 2 32 6 61 47 50 20 23 5 71 92 95 84 54 29
42 32 54 93 41 35 10 74 48 16 65 87 7 23 29 67 6 52 9 60 37 100 40 42 12 71 59 2 48 26 38 73 39 95 80
32 60 48 76 64 99 100 26 94 70 98 32 20 1 53 4 30 70 45 82 89 2 43 1 98 85 49 95 94 40 14 27 68 31 54 63 8 19 92 36 12 6 30 67 53 90 48 59 96 11 75 13 65 18 82 51 10 76 73 8 56 85 17 31 38 34 41 51 90 95 42 41 58 35 30 10 26 18 100 99 75 14 20 14 22 58 60 41 53 16
69 46 99 27 58 40 60 34 16 12 21 88 39 91 90 78 6 28 42 19 12 92 32 46 51 66 7 87 39 34 23 4 52 58 72 96 71 32 13 60 14 18 16 2 8 100 29 17 26 52 48 88 81 83 11 75 76 34 10 3 9 26 83 57 17 12 43 16 6 60 7 22 74 56 93 51 64 4 49 88 55 23 46 28 24 36 36 58
20 5 79 80 79 32 83 38 64 53 71 62 8 12 36 50 18 54 26 83 68 32 81 70 3 49 92 46 62 70 63 45 73 65 42 50 35 24 4 41 77 29 4 100 36 8 61 68 46 99 75 30 21 13 32 85 31 35 69 95 8 98 29 74 50 46 23 23 31 76 41 95 90 46 76 4 91 90 46 73 73 19 73
25 64 70 40 23 63 5 12 8 30
78 29 3 68 62 1 43 79 26 17 44 92 23 42 8 3 19 76 91 19 100 15 68 47 10 48 91 85 51 76 13 44 39 42 18 21 94 56 82 63 84 41 23 91 72 89 79 46 29 86 76 23 49 40 94 89 38 17 23 94 1 90 74 51 99 73 5 24 78 41 79 29 82 73 14 64 19 43
96 10 31 45 41 22 82 12 91 86 82 94 43 58 2 34 27 32 89 9 45 33 14 93 1 7 50 57 94 54 22 53 64 49 45 70 49 13 62 74 84 98 88 29 21 58 10 5 38 3 41 34 14 10 44 22 49 21 94 10 71 12 44 77 79 62 91 4 56 84 22 78 56 21 7 13 43 27 25 53 90 71
93 94 70 34 85 37 39 31 13 7 51 74 71 63 20 7 47 1 55 12 38 85
81 77 62 26 13 4 27 22 82 38 11 61 15 40 51 61 63 85 34 12 83 70 50 24 48 49 48 24 58 6 34 57 60 34 29 35 73 8 20 97 90 86 13 11 86 45 70 53 97 76 30 71 8 50 67 54 69 88 61 74 31 61 39 11 51 92 5 65 74
67 74 87 80 19 16 97 58 23 22 28 25 17 6 55 11 88 56 26 81 19 77 34 41 94 9 12 50 72 51 71 42 36 67 59 2 90 80 76 67 54 15 54 20 19 73 76 75 98 13 14 73 100 13 37 69 45 53 34 50 84 63 74 78 61 5 23 36 52 19 80 78 88 89 52 5 51 43 89 31 7 96 61 35 48 3 44 39 40 36 63 90 88 13
30 18 39 96 57 100 42 35 94 54 78 83 12 25 57 28 53 95 63 98 67 48 8 66 21 9 40 91 65 52 18 100
68 73 4 23 25 26 8 32 5 59 7 47 91 26 36 48 60 65 51 82 16
74 -93 -39 -5 25 52 14 -55 21 50 41 -11 -12 -59 -34 91 76 -77 -28 -93 -2 -88 -59 46 99 -46 -44 65 -43 73 -48 -32 66 4 31 -95 99 96 74 -98 21 -67 65 -56 53 -98 -43 -36 55 -22 82 81 64 -30 8 -4 -11 17 -36 -45 19 -23 73 33 59 1 49 -74 -99 30 69 -5 43 65 52 55 -28 -24 75 -73 23 -84 -14 -30 63 -17 -30 -34 67 82 66 -24 -52 -62 32 95 -39 -86 53 3
69 -19 74 -65 84 -94 67 27 -25 -34 7 3 -1 88 -91 49 81 46 -52 -13 85 82 -44 75 36 63 100 21 71 -9 29 -24 -57 68 42 -54 -25 -76 20 -68 89 -34 85 43 95 -54 74 -15 67 -78 -44 -10 -43 90 -22 7 -16 -5 -34 49 -25 18 -70 20 -87 62 49 48 58 -82 20 -51 28 -70 74 -3 35 -24 5 -87 -62 -65 -49 -13 4 45 17 -64 -20 83 -54 99 -80 24 -15 61 -55 -20 62
-86 -99 15 -30 -47 94 98 -57 47 95 -60 25 95 99 -78 -67 57 11 62 9 3 9 22 -2 -99 -91 36 -49 87 -5 -97 -18 93 35 -52 -96 73 -99 60 87 -37 -43 77 -12 -21 -67 -74 -2 28 50 -22 -58 -84 -89 -24 -26 16 86 33 52 34 -14 11 75 -66 -13 25 -9 92 -52 -58 3 -96 -42 -43 86 -67 -46 87 -95 50 29 -57 -69 -7 82 66 -91 -4 63 -35 97 36 59 -88 52 -88 69
-73 67 -95 -88 76 -71 6 13 -3 -69 40 -36 21 79 -61 -48 77 75 61 -98 -23 7 69 -75 69 33 -31 59 55 79 -65 7 -74 30 84 58 -70 -28 -71 100 -73 27 -50 55 -49 99 -33 33 -49 -9 80 4 -25 -59 -90 40 27 -47 76 23 -16 -40 -100 -97 71 -78 -72 46 71 26 -62 -77 99 30 -81 85 85 -75 -35 64 -41 16 -25 -33 18 -88 -75 -56 -90 -26 -8 73 -20 9 89 -71 -76
94 -89 -98 -65 69 65 -57 -16 -9 12 59 -32 87 -77 -5 -13 -54 -71 2 2 16 -31 -2 76 22 7 66 -58 -72 -67 78 85 -85 -60 -74 6 51 23 45 73 12 -54 56 -3 99 -9 56 -93 75 86 -67 23 24 -72 5 12 -89 -84 -34 67 -20 -97 80 73 34 96 90 47 85 44 -43 71 -14 32 33 76 79 58 -76 10 69 86 -37 23 -12 69 73 64 -2 -62 42 56 -87 -98 64 -60
29 20 26 -58 -81 92 25 -18 -39 -16 -29 -88 29 -43 40 64 -4 3 -40 -80 17 13 46 14 -78 27 14 -20 -70 27 90 67 -96 -74 3 5 -91 42 40 -100 -77 54 58 63 -23 30 43 -48 67 71 16 -13 -7 -87 -43 16 -16 43 96 58 53 21 83 68 -7 83 15 -71 -76 94 68 -44 -100 -13 -10 62 -26 40 33 -5 79 -73 -89 -58 26 -65 83 90 84 4 -73 -35 56 -50 -52
-70 0 -45 17 100 -52 83 -14 -73 93 6 -89 62 72 50 -69 97 15 17 68 50 29 -66 27 -99 35 88 -88 41 10 49 23 30 99 -55 77 48 -56 87 -68 -74 -1 68 53 55 -18 29 -2 7 55 77 95 -37 -30 1 -13 -25 15 -66 -65 5 54 79 91 31 -24 79 40 -20 82 88 41 61 -45 -49 -47 59 82 -26 75 -12 72 -67 81 66 -55 28 38 77 63 -18 81 -71 94
-10 43 22 49 46 70 81 6 72 91 36 -27 8 -97 33 -73 -94 -3 -63 -87 71 -86 -49 -32 92 -59 -27 74 -36 -63 -85 76 100 -25 -48 92 38 -92 -9 15 -74 57 72 89 43 -43 90 65 43 -1 -40 30 100 78 -27 77 70 -88 -3 -1 6 75 -20 41 -87 -97 90 -36 -49 58 99 13 -43 62 80 81 65 -6 93 50 39 89 54 -50 98 85 -51 -25 14 -55 74 -81 -53
-56 88 31 -70 -4 -90 9 -29 42 -33 -67 -59 49 -35 -99 -16 19 81 -61 -90 -61 -18 52 -87 98 60 57 69 -23 25 46 40 -9 -82 100 81 -19 34 -44 -53 33 -83 29 -60 6 39 37 3 -77 -11 -44 -46 69 -16 -16 -8 -25 -45 92 58 35 21 43 92 66 -98 -71 71 -12 14 -39 64 57 59 -38 -90 74 -18 -3 -71 -2 -35 38 85 -28 -94 32 97 -5 31 30 14
24 -89 -25 66 -51 -18 31 -79 -76 -58 97 37 36 -99 60 -84 -47 71 61 98 -46 75 8 -74 -48 37 79 89 98 11 65 -82 91 75 -61 -94 17 83 -16 -91 -78 -82 -87 -55 -36 42 -82 47 -42 -34 4 -1 15 61 3 10 -20 -96 -1 72 -70 36 -99 64 84 58 -84 93 90 49 -89 79 -82 -9 28 -73 -26 75 -23 55 -78 -28 95 12 -3 1 69 -93 21 -60 36
-44 -66 91 0 39 -25 62 -64 -24 73 86 65 -5 -98 41 42 -64 -69 -90 -99 46 52 0 37 40 -79 -22 -47 91 89 85 -12 -46 5 65 31 -64 -59 -53 -44 57 -36 -51 -71 -54 71 45 -87 92 40 18 65 40 -82 -26 71 -83 -36 -75 -50 85 48 24 -16 -9 -68 71 67 -40 -75 -28 58 -83 -51 -19 24 15 -16 57 68 -22 77 49 -61 44 45 -7 -20 9 -57
-99 -20 -37 -44 82 89 64 11 -30 -8 -66 73 87 -16 22 18 14 -9 98 -22 24 41 -73 -56 65 55 -80 -29 -65 37 -50 -33 87 60 -81 86 -81 -96 29 61 -93 48 48 3 96 51 -46 -91 41 -34 39 38 20 67 98 -62 -7 0 -43 97 50 87 -26 -66 18 28 30 -77 1 -7 28 -98 69 -39 57 75 -58 93 31 -65 14 -60 -55 44 44 68 -63 88 87
23 -9 -90 -44 94 24 -41 -84 -33 -6 -41 -90 71 -48 32 -8 -1 20 16 -89 -90 66 -18 -74 80 33 62 -30 89 -33 48 39 45 -56 -4 67 -4 -7 50 67 -81 32 -36 -4 -43 32 3 -10 -12 24 23 54 -99 28 -65 12 -58 -42 -81 31 64 -29 -46 -62 -53 -60 -8 54 83 -70 69 -42 6 -16 84 -71 23 72 22 22 -47 51 -59 65 5 -95 -38 -89
-68 46 51 -59 -66 61 31 -90 46 -63 -86 -58 -34 -54 32 3 53 44 63 -96 84 86 69 -28 -79 -45 14 55 20 23 -57 -44 5 53 -64 49 96 -54 59 68 30 -33 -58 85 75 -13 16 52 51 -83 -42 -4 -2 -67 -73 -96 -49 33 29 75 7 -62 55 -76 -55 21 57 53 -91 100 36 28 92 -70 -77 23 68 -67 54 38 -100 98 73 66 10 33 7
-6 -89 78 35 9 -42 23 96 -3 -11 50 89 94 78 47 -75 8 -66 -35 22 96 -41 -79 -28 53 39 4 -35 -52 -99 81 90 -99 47 33 -70 33 -99 -4 67 -48 76 -20 4 -8 -73 -61 9 66 49 -36 -34 37 8 44 -7 56 -30 74 1 93 -48 5 41 100 42 23 -55 -6 43 42 23 -36 -22 47 -12 98 80 1 88 -65 68 -70 91 -42 14
100 79 -59 -75 -46 30 2 -14 40 57 78 75 80 -87 -59 -1 62 -99 -77 -63 20 53 11 -78 -84 -33 -44 -6 -80 55 -91 85 -2 2 57 67 33 -27 82 52 -86 98 -56 63 26 12 -98 -49 68 32 -27 -51 -92 100 53 30 32 78 -41 57 -57 72 -91 -8 -39 67 -100 -60 -78 -30 99 2 -10 71 1 3 50 -49 32 -97 88 80 -83 -77 40
-28 85 43 49 -11 -12 -30 -43 55 -51 16 3 47 -99 -34 -56 4 29 -73 43 -82 28 -25 -13 -71 31 -35 37 47 -36 77 13 -4 44 23 97 -38 93 -14 98 17 74 17 50 -93 23 -71 -34 -83 -3 62 -44 73 79 -42 -20 5 -10 32 37 -98 79 -33 -37 -27 -77 2 72 91 -13 -81 41 -55 21 -20 -10 -45 46 -32 -54 91 74 -52 27
88 -49 -40 88 -39 -33 -48 -42 -49 -37 58 -9 -61 99 -73 -70 -80 73 69 26 57 -99 95 38 -90 23 -5 58 -20 26 47 -30 25 -54 95 30 -29 1 -44 92 47 -68 -87 34 8 22 38 -92 28 -12 0 75 98 -56 17 -70 78 32 17 -20 76 -98 -97 72 -47 -3 48 -75 -17 -8 56 -34 -53 40 -33 -40 -32 20 56 -13 -7 -53 27
8 -47 7 79 92 -5 -7 2 -29 15 -54 46 -67 47 75 -42 -75 84 -31 -40 42 10 -3 -50 -63 89 -62 21 -98 -55 7 27 -66 61 32 36 84 -20 24 -24 -36 43 45 -88 1 -75 76 -59 -85 -45 -35 21 61 -76 15 90 -15 -34 -8 -8 43 42 -35 -12 -95 5 -69 -11 73 55 -50 47 47 66 66 37 -56 99 -28 -10 -17 72
30 24 98 88 14 -80 -3 57 -27 18 61 -63 -58 63 -14 7 61 56 46 3 -82 -80 -59 -13 -42 -20 -19 67 -26 81 -32 54 65 1 -31 13 99 -8 91 50 33 15 5 -58 -53 -95 -68 86 -40 69 -36 90 79 91 -80 -47 -58 1 -74 -76 -84 21 40 -87 -94 97 1 34 95 -79 -74 -33 58 -61 -79 67 -1 -21 -42 -37 88
-28 13 60 -68 -67 34 -57 -93 -92 69 -9 -17 21 19 38 -31 40 13 -66 78 38 -55 51 52 16 61 91 62 44 11 34 63 63 36 -21 -12 23 38 -42 -78 13 -22 -7 5 -34 -61 -23 -98 -100 33 94 -66 -12 -27 20 36 -98 76 25 93 22 -24 -98 96 10 -26 52 -41 -99 40 -5 -52 5 43 11 1 -37 -59 83 88
65 -1 -4 -44 -33 -80 8 60 -39 32 95 56 77 75 -31 -28 66 90 36 -32 5 -52 -83 -54 -66 -26 -72 63 16 58 15 -31 79 59 25 -52 -18 -96 -62 -88 36 -95 -53 -74 -28 -32 -68 83 12 86 -98 -41 -77 -62 -97 26 -45 -13 7 -21 27 -5 18 78 -92 -16 -80 92 -63 -86 -32 98 0 -82 39 20 -54 -51 -36
-3 -97 -69 96 82 -37 -2 97 13 -37 88 -92 -50 17 88 97 -76 33 70 -47 21 -1 74 -21 -18 -60 61 86 -90 90 40 33 -69 -36 23 63 -24 -50 -8 -87 70 -45 -72 -40 62 11 -17 -97 -58 -30 49 -70 1 -38 -98 -90 48 100 76 21 76 52 -61 -5 97 -78 -37 -60 27 -77 75 58 -14 94 60 -85 -85 -9
65 -61 79 37 -73 -68 24 -41 -19 42 65 93 -12 12 87 -51 -95 76 -4 -9 85 -66 -36 -90 24 80 12 43 -25 38 78 25 -52 45 -53 39 -11 -18 87 19 -30 53 41 -59 -83 35 -61 15 -25 -33 38 -7 16 -100 98 63 29 -3 87 -53 -96 58 -7 98 58 -39 -18 84 -84 68 37 -1 -52 34 74 27 96
41 -61 56 -28 -18 4 64 -18 -72 -76 33 68 -83 -89 -67 -55 -92 -49 -73 24 -51 -75 -92 46 64 -1 68 25 34 59 79 51 -35 -88 -7 -44 55 83 -82 -97 -47 67 25 -80 19 63 -85 -8 42 90 6 -6 81 -86 57 -32 35 -90 87 -82 -23 -81 -45 32 -76 -75 85 -41 36 -2 -52 -51 34 68 -37 45
60 -55 42 91 42 6 91 -73 96 63 47 -9 72 17 79 70 9 -74 -58 -54 40 2 29 -14 68 -60 36 53 13 -10 -20 40 -17 -5 5 95 62 10 85 -18 55 -39 44 39 -46 -4 96 40 90 -35 -8 15 14 1 -100 85 -92 -28 52 -96 32 -66 -23 -99 -24 -44 -46 -20 -95 97 76 -30 41 30 42
46 46 -61 -76 -91 17 -9 -61 -65 -33 -7 49 -37 -41 -35 -24 -77 46 2 45 -45 87 -81 85 -17 23 -56 24 76 79 47 -76 52 64 -24 -91 87 47 -3 -80 99 -86 97 -15 -11 11 6 -70 97 -42 91 67 54 -98 62 99 61 -3 -87 -22 34 -90 -19 38 44 -62 -17 28 78 -44 -61 -88 72 87
0 14 92 52 47 29 -77 -44 10 -26 0 -63 -67 -14 -79 21 46 90 -88 40 2 -33 -79 2 28 11 98 78 -67 95 -66 23 43 -50 24 1 66 46 -50 43 57 88 34 -37 -38 -82 -32 98 10 -18 75 47 -78 -72 71 5 8 -7 -11 -52 -18 -12 52 67 -94 97 -22 -57 -11 57 13 59 -63
12 -89 -41 -49 75 -5 -61 93 86 -79 -72 89 -87 -38 58 -63 -27 -97 -13 77 -72 -22 15 20 -95 -16 -47 89 37 -46 -48 39 33 92 -34 40 23 59 86 -64 77 78 71 -96 -4 49 69 34 -89 -35 -57 -85 -28 -49 78 58 -31 -87 19 67 -98 -83 -1 69 -31 69 68 -8 -73 -96 -26 66
-2 -41 -3 30 81 -75 -20 24 52 36 -78 -53 -50 28 17 43 82 -95 -90 -37 35 -22 -15 25 0 90 -60 -96 -12 75 -10 -10 60 -23 -40 28 -30 -85 60 -35 -1 -93 42 -29 -43 -62 -13 0 68 -65 -78 86 -3 33 73 56 60 75 -42 6 -39 46 -61 9 -21 54 -16 14 38 -67 -48
67 -65 48 38 75 -49 -65 -21 76 80 34 -66 10 97 -63 67 44 -60 -19 -83 42 36 84 -70 -53 -19 -63 86 -93 95 -19 5 5 -23 13 90 63 89 -30 -62 99 -52 -73 -67 -53 -94 95 56 57 -32 55 45 56 -41 52 -41 -41 75 -94 -9 -80 76 99 22 -66 28 54 20 82 66
-5 -53 -1 25 21 -65 -59 -51 -43 -92 4 95 -97 -31 5 -44 90 71 -49 93 -48 -84 -55 12 57 25 76 -17 17 -37 9 3 98 -90 55 88 -3 84 -20 0 56 90 46 52 37 34 64 80 -91 33 -73 15 16 -90 -38 32 37 1 88 -90 42 -1 32 95 61 -88 -52 -26 12
1 -23 98 -27 18 -58 8 -25 56 -87 76 32 -64 18 65 15 -77 84 28 -72 -54 99 49 78 39 -66 0 5 -18 15 -94 -55 16 51 82 -49 16 -77 -36 -18 77 66 82 -59 83 87 -69 -77 -71 80 15 62 -8 -79 34 81 -2 86 30 56 -60 -4 40 -3 -89 96 -57 -15
44 68 -62 -59 -63 -55 96 82 -87 7 -22 -21 86 96 14 -27 60 -54 -70 -67 -49 -100 59 95 -36 -97 17 27 27 39 -99 55 26 -40 -45 50 68 21 16 4 13 -80 53 53 -99 -38 40 -29 58 60 42 -47 -88 -53 -63 -86 67 -11 -91 -63 -92 70 47 54 -24 -16 -78
-88 -73 6 -55 -59 72 -28 56 69 77 79 52 46 43 -55 16 91 48 -8 -91 -77 96 -24 -18 -6 -3 -83 94 9 40 -84 -26 20 -66 -69 77 -30 -16 34 5 34 -47 78 -47 56 -86 -73 46 86 61 35 -78 23 85 76 54 80 -27 9 55 -19 -34 34 47 59 -10
-67 57 44 27 33 86 61 27 26 -54 56 -41 81 -26 -51 -100 -70 -94 19 60 -70 88 -47 57 6 5 -89 -15 -11 43 63 -46 -98 63 -49 76 -28 -35 -83 -22 -24 29 40 -18 96 -99 -71 75 -15 -13 1 85 45 57 -93 -56 -51 -16 -14 72 22 21 -91 65 -66
23 -61 60 17 37 -15 18 100 5 90 -86 33 -24 44 85 73 -20 42 37 -96 -47 47 75 -16 -10 -84 -62 -29 -93 -14 -4 60 36 -58 46 55 -1 -53 52 -71 100 92 -22 80 -20 81 -92 -31 5 -78 27 -40 -5 15 -23 -45 34 -23 -56 -72 -5 100 -91 99
-49 -77 13 29 -94 23 28 -61 -52 -13 23 87 34 -21 98 -17 -64 96 -75 32 73 -67 -48 85 -91 17 -1 82 33 -71 -99 -21 -89 75 52 -78 -15 19 -89 -74 33 96 68 90 -21 -95 47 94 -21 63 -47 -18 -49 -51 -27 -30 36 -19 97 12 71 -70 -31
-62 -60 -30 -71 -97 59 43 31 -74 -48 38 -11 40 -19 -31 -64 80 -28 46 -38 -57 -82 -21 56 -14 38 13 -88 -67 -93 20 72 -88 -73 -2 -87 -78 9 0 -55 80 52 51 61 76 79 14 57 -9 -21 -15 -50 82 94 71 36 -80 93 95 19 45 -67
-77 78 19 -76 16 -21 75 64 81 96 19 20 -41 -43 -64 57 -34 -7 0 -54 79 70 -16 -17 16 24 -93 -84 21 -72 -11 22 18 -57 -28 96 -11 54 47 -68 30 -74 3 82 -73 -17 42 66 -82 -23 36 18 2 51 5 -39 58 -38 40 -60 23
-2 -84 -13 -47 77 51 10 100 11 45 -13 39 77 -40 -56 69 71 -81 89 82 46 24 -71 51 52 18 -17 42 -76 13 -55 -22 3 -83 53 -73 75 52 97 -3 -17 26 65 69 -85 -77 -45 -65 48 93 62 -100 93 -63 69 -62 15 36 -26 -1
57 47 14 -50 -48 74 -19 -24 45 73 -23 11 83 -12 -78 49 -98 56 30 3 -68 -25 -85 -6 40 -87 -100 80 43 -9 -72 -28 -93 -40 10 79 51 0 60 -19 82 -3 3 -3 11 39 -46 69 -56 21 -65 -52 42 -2 -8 6 -61 -27 71
-68 -66 -98 -82 65 -96 -64 84 24 68 11 -66 -79 -65 64 6 16 78 54 8 59 -54 16 30 8 41 15 -2 -10 -43 -53 8 54 -99 47 27 87 -40 82 28 -32 5 39 47 -7 -92 -91 45 23 80 -6 -72 48 23 76 -80 -64 86
87 34 92 99 -29 19 32 -80 33 56 -78 -38 20 61 89 69 71 -81 75 62 38 48 -21 56 -87 -13 36 99 -98 20 16 31 20 46 87 -16 7 -10 -25 -26 -58 -91 77 52 91 -23 86 100 44 -34 -85 61 21 48 -57 46 -87
68 -26 88 59 -94 -27 24 -79 -68 29 -81 100 -29 -36 -67 57 -29 -30 -35 -97 89 -72 54 -56 51 89 -62 68 14 -6 -56 -34 100 79 -40 24 -54 35 -92 -13 -79 -63 52 -61 26 92 5 97 -2 -40 69 12 85 63 -58 -47
47 87 -12 -87 64 -33 93 -71 -87 -58 18 2 21 -23 21 91 92 36 -41 -3 74 80 -1 21 -33 -63 35 11 -97 -27 14 -3 73 -20 35 74 -90 -76 36 63 -10 10 56 66 -31 -15 -31 -32 -75 -35 67 49 0 18 97
72 91 -39 87 72 50 97 -51 33 -14 73 76 -54 -20 40 -98 72 -98 -83 -97 5 -75 34 -74 75 14 -11 -44 85 -28 -36 -51 -92 -94 58 -77 -86 52 68 -45 53 63 -69 81 -70 -78 54 -67 -4 68 95 65 44 -53
-72 78 -53 -36 -25 19 69 -81 63 16 -30 96 9 77 70 97 97 -18 -35 -59 99 -82 -30 98 -85 -3 -1 -15 -85 -34 -33 -55 12 -83 25 -49 56 0 -55 65 25 -73 -64 38 96 10 -45 57 64 -73 13 83 -34
-74 -92 -82 -82 46 86 -36 98 14 -96 27 -62 67 63 -100 -91 70 -1 -32 -62 79 -16 0 47 -100 31 81 97 25 22 11 3 86 99 -83 38 -43 -100 -2 76 99 23 -69 45 37 -9 -15 74 -23 2 -86 61
65 -77 -7 36 -13 -80 17 94 96 -26 65 -49 -55 41 -90 -2 69 -52 -24 78 -1 -73 61 76 -9 24 -79 61 12 88 -52 -65 -91 -51 -94 84 51 -39 25 -1 -84 38 64 -22 27 36 15 -96 -91 -14 -86
-14 84 -90 3 -70 -46 67 70 33 17 73 37 -62 89 48 -41 -82 -91 88 -64 25 67 -96 20 58 -89 -38 79 66 -67 -97 -56 61 -88 -22 -76 16 56 -57 51 -84 -73 -71 27 52 57 -44 -84 -49 9
-14 88 73 2 -17 -70 75 47 39 -65 -18 -46 95 -89 51 -56 -15 -84 -70 -30 -64 93 6 -57 78 -6 41 -58 12 -38 48 -90 -66 -75 61 56 -4 99 -60 -96 24 -80 -99 -99 -55 -78 80 66 51
-28 6 77 97 21 77 -68 -48 -64 63 -31 33 15 5 -39 -56 56 77 -91 52 -54 83 27 56 -78 60 100 -23 -11 7 -99 42 -40 -51 -70 35 -76 58 -8 94 38 29 -44 18 97 60 68 -47
-30 -87 -51 -72 -62 75 21 27 -55 -60 71 -89 -87 65 -7 -28 -47 11 -36 -15 57 94 16 -89 -74 89 -87 37 -55 -60 -93 24 31 -71 -82 -40 84 13 51 48 -17 7 -50 91 73 -17 -42
99 -72 -17 -42 -75 -40 88 5 -49 -4 -44 -82 20 49 24 -87 11 -63 -45 56 16 -55 -1 -5 -66 17 84 -51 61 -9 -31 -49 -15 -68 -92 77 45 -85 -29 -66 -72 19 17 7 -57 94
-13 -44 -25 54 -60 63 56 -57 47 41 -42 -78 5 33 25 -45 51 21 18 -29 -97 86 9 88 -37 -37 -17 11 48 -44 51 -62 46 -99 6 -89 -90 20 87 96 29 -92 8 35 0
22 78 -75 15 26 -39 -79 42 92 -97 77 87 4 -45 -67 -9 -25 -39 65 -77 -96 22 71 -22 -59 80 17 46 91 49 -94 16 18 97 -65 80 3 -53 -6 60 18 80 62 -100
60 -82 -2 76 -15 35 -92 -25 9 92 -31 78 56 38 47 -47 75 -80 58 -15 88 -86 31 72 -7 -87 -72 -2 -7 19 58 -90 -7 -7 -56 65 43 80 -83 43 81 98 -48
-65 -15 -39 38 -71 66 22 88 92 48 79 -47 92 90 94 -43 -18 -10 -32 28 74 8 -30 -87 -84 -5 -12 15 24 28 34 -69 20 81 36 73 36 -26 15 58 -6 72
77 -84 -52 17 -78 -80 0 -55 -27 -81 -73 -58 -30 -72 78 -63 27 -62 -48 33 60 -95 -25 6 74 38 -67 21 -12 7 13 88 65 -95 -26 -52 -84 -95 -41 33 65
-15 5 48 -13 67 65 -17 24 51 70 78 35 40 13 17 -23 45 -67 -22 -57 -34 -42 23 -5 -27 97 -88 -63 -10 -28 16 -58 58 -59 82 37 -27 -54 -56 81
77 70 -61 -59 -40 -71 -90 -19 47 -68 12 -34 -6 -53 -48 43 81 -92 70 -19 -12 -63 -5 14 38 -59 36 -23 -69 -94 3 27 96 -63 17 -19 -61 -99 89
39 29 -16 65 80 -25 21 -26 93 46 70 -63 44 86 13 -14 76 -72 87 22 -90 -65 73 41 -71 -22 -94 2 58 -44 14 -9 -77 -17 -86 55 64 -51
49 34 -44 100 96 -29 -50 -95 -79 37 14 73 71 -78 31 0 -51 25 -19 54 54 30 -86 70 -8 1 -63 83 9 -6 -2 -5 -97 -28 -12 -11 -22
14 43 -78 -45 86 13 89 6 13 -27 -59 86 8 86 6 -65 50 53 -78 -64 -47 -23 21 34 -15 -84 51 93 -4 -78 -99 4 63 -31 6 -56
42 18 81 45 93 -65 -49 -53 -3 -26 41 25 -90 -23 49 -23 26 43 89 18 -43 -94 -100 -61 -33 -24 63 62 20 -69 67 70 -27 6 -55
25 76 65 -38 -93 -70 95 -30 26 -83 53 90 -8 48 23 44 11 -34 60 75 21 77 -70 -5 31 87 47 -96 -34 -59 48 -86 -63 -19
18 77 -66 -9 -59 -87 -31 -8 7 62 -9 -88 -26 -26 35 63 -81 31 -51 96 60 -54 95 -76 53 92 -58 39 -18 -20 75 -23 -31
75 78 76 -8 -76 36 48 -10 -64 -97 -65 32 -28 -5 99 24 5 -13 -59 -74 -45 -61 28 -44 -52 43 57 76 34 36 82 41
79 93 -71 6 17 -81 -71 -67 -96 22 -11 -21 76 -8 -65 13 52 33 95 -13 -56 81 -23 -93 90 -70 -44 -68 77 -64 76
-42 -22 -68 -47 -67 -80 8 76 95 100 -72 -81 -96 98 23 93 10 -90 -50 -73 -92 68 31 51 -85 20 -70 -36 -89 -84
-23 70 -98 93 -76 100 -69 54 -48 50 -49 -53 71 -11 -93 -77 -63 91 -29 48 -11 -10 -59 28 99 86 56 -39 29
45 -83 -75 48 95 -97 35 -45 83 -51 -28 -57 93 37 -99 85 -75 -46 29 81 21 -7 78 50 -53 12 72 -73
-54 -10 -3 8 -46 31 -42 4 -72 94 -20 -69 19 -72 33 -66 26 95 -8 80 -27 42 84 -90 -79 -17 26
-71 -2 -28 16 53 88 -21 75 13 -43 41 4 -26 9 -52 -83 21 73 -6 -55 -97 72 25 72 -74 1
12 33 68 73 -79 -70 -64 1 2 77 51 -74 89 -57 -84 -7 -50 -14 -49 52 3 -69 -41 8 85
27 -29 95 82 96 48 51 -31 93 64 2 -9 21 70 54 3 24 30 -29 -63 96 16 -73 -69
-36 25 27 -41 60 -66 -93 -75 88 -87 -83 27 73 -94 -55 -3 54 73 -17 -61 -23 59 59
-76 94 -81 69 92 33 96 26 19 -49 -25 69 27 25 29 -34 38 -13 38 39 -96 95
-92 10 -70 -2 15 -20 -4 13 17 -91 -92 -55 42 68 99 -23 80 -58 25 10 -66
-21 83 -1 24 95 -72 45 72 25 68 41 75 38 46 20 21 43 -60 29 -86
0 -33 26 51 -4 57 73 -10 96 -28 -18 -85 -93 51 -89 -68 -7 -11 89
49 -94 95 60 -13 -3 -76 9 -12 -9 5 -11 -86 69 -38 -37 -40 65
-21 51 -79 76 -84 -22 -71 -14 -57 -95 37 -17 -91 17 68 8 45
31 7 -32 -95 78 20 50 -95 -19 -4 46 -1 -18 46 -75 25
-75 76 72 -48 -14 27 28 95 70 -14 -58 57 -24 -7 11
-49 27 62 -81 37 -46 -27 -33 -88 -24 46 2 -43 59
90 -77 83 48 -76 51 -14 -31 -83 45 35 21 9
-47 -12 -81 66 -23 29 -24 10 69 38 -20 -49
6 2 -36 59 31 16 71 95 40 -54 -96
60 80 32 -53 47 27 -46 69 90 19
-32 63 36 57 96 11 44 86 60
-85 33 -49 -7 18 -63 -39 -62
91 75 95 -24 11 5 -19
-84 62 -48 5 -32 -27
65 -59 -35 75 53
-40 3 -39 -71
-62 -51 -93
-38 -21
18
