25
1 22 12 9 13 4 25 22 22 22 4 1 17 11 16 21 1 25 25 20 5 18 11 14 9
4
11 9 5 22 4 9 16 6 16 22 4 8 16 1 13 20 3 17 2 22 1 23
18 17 7 19 5 10 5 17 1 9 24 4
14 23 1 1 22 7 17 7 13
22 15 22 7 18 14 16 25 5 2 21 18 15
15 6 23 15
15 7 1 22 7 16 12 17 17 23 10 19 1 5 22 15 14 16 7 2 9 7 22 11 2
9 5 20 5 2 21 12 4 17 19 13 15 25 2 7 8 8 3 24 18 8 21
20 23 5 10 8 3 23 8 13 19 14 6 15 9 4 12 11 24 10 21 22 5
5 18 13 23 17 8 22 17 2 16 16 23 4 19 4 16 16 21 18 11 4 9
9 9 24 24
9
3 10 14 23 13 1 9 18 5 4 4 23 6 5 5 23 9
12 18 18 12 6 16 18 4 4 2 22
25 19 5 15 5 14 19 5 20 25 3 11 20 9 23 3
22 17 12 5 5 5 23 4 18 4 18 15 17 4 6 17 14 19 25 20 2
17
1 8 11 20 11 2 12 20 17 20 9 24 5 9 9 2 13 13 22 11 6 11 7 22 18
11 12 15 5 14 22 21 18 5 21 24 11 12 10 22 23 19 9 9 15 14 16 24 20 25
13 2 2 17 8 22 13 1 17 9 19 19 1 20 6 25 21 9 7 10
12 8 13 15 12
17 4 19 21 8 3 18 5 13 14 21 6 6 18 5 8 10 16
20 7 24 10 15 12 5 13 10 2 1
15 22 4 25 15 4 8 15 11 18 12 8 6 6
25 2 9 20 4 13 20 15 19
4 -15 -2 22 4 -21 24 -2 -9 -5 -9 1 18 24 16 1 7 10 -4 1 15 20 2 -19 13
12 0 14 -21 3 -11 -4 1 -23 -23 21 -11 -18 -6 -4 18 14 5 -2 -20 25 -22 -4 16
16 -20 0 -5 21 -11 0 -19 4 15 24 -6 15 -25 -19 10 -5 -23 -21 -5 4 -20 0
2 11 1 -10 4 2 7 -2 14 18 8 24 -21 0 23 -16 22 -22 -4 -25 13 -20
7 -16 23 -15 -23 -25 12 17 -5 -3 -9 6 14 -1 -21 10 5 -1 22 -2 -21
-13 -10 0 -20 21 -16 -17 18 14 -5 -7 -10 -20 -19 -18 -11 -2 19 -3 22
-4 3 6 5 -22 -14 -23 -16 -13 -4 10 -21 8 12 -1 -25 22 -11 3
18 17 8 24 12 -21 -2 8 9 -15 -5 16 -13 -15 21 -24 -20 23
10 18 10 15 -8 18 -24 -8 19 12 -23 0 -24 -24 1 -6 -2
-13 24 21 -6 -24 -17 7 2 -17 -10 -21 -4 -9 2 10 -3
7 -13 -15 24 -12 -17 -1 -18 25 9 -4 7 25 20 15
17 -10 14 -5 23 -20 24 -20 -7 8 5 -24 19 6
-14 -4 -24 3 9 -16 22 -4 2 -12 -14 25 23
-10 16 20 -8 9 -2 -24 11 -4 7 -19 -24
23 6 -1 22 -7 -14 -1 -17 18 -21 25
-23 17 8 -25 23 -20 0 25 6 17
-8 17 18 -19 -18 -4 11 -10 21
-20 12 -16 3 -14 -3 17 -7
0 10 -16 -5 17 11 24
7 -21 -8 -14 2 13
-13 24 21 -2 1
-15 -19 -24 -20
-4 -24 -20
-13 23
11
