25
21 4 1 24 9 8 8 5 24 4 22 24 18 3 19 14 2 1 3 7 8 17 20 1 18
7 23 21 23 18 14 8 15 19 9 1 25 6 23 14 11 9 5 7 25 11
4 3 13 4
12
12 20 9 2 24 15 18 4 13 3 18 10 21 20 12 19 7 23 3 2 22 8 25 10
3 8 4 13 9 15 21 12 6
12 12 7 22 9 23 22 21
3 20 21 6 18 24 8 6
15 13 9 21 23
18 8 22 11 25 25 2 8 2 11 13 9 3 7 19 23 11 7 21 16 13 21 15 5
9 5 8 24
18 18 9 24 19 14 19 13 12 8 5 17 16 3 25 2 4 5 21 6 22 14
20 3 13 13 20 15 17 9 18 1 22 24 4 22 18 25 9 25 21 11 4 10 14 6
15 1 24 24 9 17 25 6 17 4 21 10 21 17 20 7 5 12
25 6 18
25 17 1 20 11 16 1 4 12 10 8 2 8 19 3 3 24 16 3
25 18 25 5 5 22 16 18 6 9 17 20 14 7
18 25
24
23 7 23
10 13 22 21 12 15 17
15 4 8 8 3 11 1 19
18 8 19 8 1 3 23 21 2 8 3 2 11 3 17 8 9
22 16 7 18 5 24 19 19 16 8 16 14 7 4 4 22 14 12 14 14
15
24 2 22 21 21 4 2 13 24 11 4 8 7 7 18 15 5 14
-14 -8 4 -10 -21 3 10 -19 -22 16 9 -25 -20 23 -10 -15 1 6 5 -12 0 -22 -15 -1 -25
-1 -9 25 25 4 -7 2 19 21 25 10 17 20 6 -16 -13 -7 -12 -22 12 22 9 -22 22
-5 -22 -22 12 5 7 8 -15 -22 7 -20 -14 -21 13 -21 18 -10 0 -18 11 -10 12 13
-23 14 -20 1 17 12 11 8 -5 -9 -12 17 20 -5 -10 -9 0 -17 17 16 -6 4
-5 23 -21 -25 4 14 11 -19 -21 9 -12 7 -9 -17 -3 -21 -10 -2 -7 -15 3
9 20 -6 14 16 8 -25 17 10 -6 17 -19 -17 -9 -18 -19 22 10 -16 -8
-7 13 -12 20 -4 -12 18 15 -9 7 6 -9 -22 -20 15 2 -8 -23 -25
-4 24 -17 15 -9 -15 22 3 10 20 2 10 -25 -18 -21 19 -16 9
-23 -2 12 10 -16 2 -17 -23 -6 -2 25 -23 -3 -12 18 -10 17
-19 -3 24 10 1 14 22 -16 -10 -15 -14 1 -24 -14 22 -4
25 1 17 22 -10 -8 -15 25 19 -19 -1 -23 5 -11 -13
4 -3 -6 25 -11 -11 -24 17 -13 0 -4 -8 -21 24
-8 -3 16 7 0 18 9 -4 -24 -18 -9 -14 12
-9 -23 -19 13 2 -3 21 25 -5 2 13 7
-18 -1 11 -13 -9 -23 20 2 -25 8 9
18 21 22 22 17 -13 -2 2 -21 17
-4 14 -5 17 -18 21 -6 7 -6
17 1 -5 0 19 -7 10 -17
-13 1 17 -1 18 22 -14
14 11 -6 0 10 -25
-6 -7 -12 2 25
12 13 16 -5
4 3 3
18 -12
7
